Critical_Path : 65, 65, 65, 73, 69, 74, 73, 60, 69, 61, 75, 70, 60, 59: 75 : 14 : 64
Critical_Path-Crone : 67, 67, 67, 66, 67, 66, 66, 68, 68, 68, 68, 66, 68, 66: 68 : 14 : 64
Critical_Path_Less : 55, 59, 56, 72, 59, 74, 78, 71, 74, 54, 77, 75, 76, 58: 78 : 14 : 64
Critical_Path_Less-Crone : 67, 67, 67, 67, 67, 67, 67, 67, 67, 67, 67, 67, 67, 67: 67 : 14 : 64
Critical_Path_Greater : 62, 59, 61, 74, 59, 73, 69, 76, 72, 62, 68, 72, 71, 60: 76 : 14 : 64
Critical_Path_Greater-Crone : 67, 67, 67, 67, 68, 68, 67, 67, 67, 66, 68, 67, 66, 66: 68 : 14 : 64
Crone : 67, 67, 67, 67, 68, 67, 67, 67, 67, 66, 67, 68, 66, 67: 68 : 14 : 64
Crone_Mod : 67, 67, 67, 67, 66, 67, 68, 67, 68, 67, 68, 67, 66, 66: 68 : 14 : 64
Pashkeev : 65, 57, 57, 58, 68, 51, 80, 65, 71, 74, 78, 72, 68, 74: 80 : 14 : 64
Pashkeev-Crone : 67, 67, 67, 67, 67, 67, 67, 67, 67, 67, 67, 67, 67, 67: 67 : 14 : 64
Pashkeev_Less : 61, 60, 58, 57, 57, 57, 75, 74, 74, 74, 73, 73, 73, 72: 75 : 14 : 64
Pashkeev_Less-Crone : 67, 67, 67, 67, 67, 67, 66, 67, 67, 67, 67, 67, 67, 68: 68 : 14 : 64
Pashkeev_Greater : 62, 62, 62, 63, 62, 62, 72, 73, 72, 71, 69, 69, 69, 70: 73 : 14 : 64
Pashkeev_Greater-Crone : 67, 67, 67, 67, 67, 67, 67, 67, 67, 67, 67, 67, 67, 67: 67 : 14 : 64
Critical_Path : 73, 78, 70, 67, 79, 63, 65, 63, 75, 67, 71, 68, 67, 61: 79 : 14 : 64
Critical_Path-Crone : 69, 69, 69, 70, 69, 68, 68, 70, 70, 69, 70, 68, 68, 70: 70 : 14 : 64
Critical_Path_Less : 61, 78, 59, 73, 77, 60, 73, 57, 78, 59, 75, 77, 62, 78: 78 : 14 : 64
Critical_Path_Less-Crone : 69, 69, 69, 69, 70, 70, 69, 69, 68, 70, 68, 68, 70, 69: 70 : 14 : 64
Critical_Path_Greater : 60, 73, 62, 79, 74, 63, 77, 64, 72, 60, 76, 74, 59, 74: 79 : 14 : 64
Critical_Path_Greater-Crone : 70, 71, 70, 67, 67, 71, 71, 67, 67, 67, 68, 70, 70, 71: 71 : 14 : 64
Crone : 70, 69, 69, 69, 69, 70, 69, 68, 70, 70, 68, 68, 68, 70: 70 : 14 : 64
Crone_Mod : 69, 69, 69, 69, 69, 69, 69, 69, 69, 69, 68, 69, 70, 70: 70 : 14 : 64
Pashkeev : 63, 87, 63, 63, 85, 85, 78, 59, 66, 61, 66, 62, 62, 67: 87 : 14 : 64
Pashkeev-Crone : 69, 69, 70, 71, 68, 69, 71, 68, 69, 68, 69, 68, 68, 70: 71 : 14 : 64
Pashkeev_Less : 62, 61, 61, 60, 59, 59, 78, 78, 76, 76, 75, 75, 74, 73: 78 : 14 : 64
Pashkeev_Less-Crone : 69, 70, 68, 70, 69, 69, 68, 68, 70, 70, 68, 68, 70, 70: 70 : 14 : 64
Pashkeev_Greater : 65, 65, 64, 64, 63, 63, 73, 74, 74, 73, 73, 72, 72, 72: 74 : 14 : 64
Pashkeev_Greater-Crone : 69, 69, 69, 69, 69, 69, 69, 68, 69, 69, 69, 70, 69, 70: 70 : 14 : 64
Critical_Path : 67, 76, 69, 73, 67, 75, 71, 69, 77, 78, 65, 68, 67, 70: 78 : 14 : 64
Critical_Path-Crone : 72, 71, 70, 72, 70, 72, 71, 69, 72, 71, 72, 70, 70, 70: 72 : 14 : 64
Critical_Path_Less : 76, 77, 75, 62, 58, 83, 61, 60, 79, 81, 80, 77, 62, 61: 83 : 14 : 64
Critical_Path_Less-Crone : 70, 70, 71, 70, 71, 71, 72, 71, 71, 70, 70, 72, 71, 72: 72 : 14 : 64
Critical_Path_Greater : 79, 77, 77, 62, 67, 73, 65, 65, 76, 74, 76, 77, 61, 63: 79 : 14 : 64
Critical_Path_Greater-Crone : 70, 71, 70, 71, 71, 71, 70, 70, 71, 72, 72, 71, 70, 72: 72 : 14 : 64
Crone : 71, 71, 71, 71, 71, 70, 71, 70, 71, 72, 70, 72, 71, 70: 72 : 14 : 64
Crone_Mod : 71, 71, 71, 71, 71, 71, 71, 71, 71, 70, 71, 70, 71, 71: 71 : 14 : 64
Pashkeev : 61, 65, 66, 60, 66, 77, 80, 74, 74, 82, 68, 68, 78, 73: 82 : 14 : 64
Pashkeev-Crone : 71, 71, 71, 71, 72, 72, 70, 70, 70, 72, 71, 70, 70, 71: 72 : 14 : 64
Pashkeev_Less : 66, 63, 63, 63, 61, 60, 79, 78, 78, 77, 76, 76, 76, 76: 79 : 14 : 64
Pashkeev_Less-Crone : 71, 71, 71, 71, 71, 71, 71, 71, 71, 70, 70, 71, 71, 71: 71 : 14 : 64
Pashkeev_Greater : 65, 65, 65, 65, 65, 66, 76, 76, 76, 74, 75, 76, 74, 74: 76 : 14 : 64
Pashkeev_Greater-Crone : 71, 71, 71, 70, 71, 70, 70, 70, 69, 72, 72, 72, 71, 72: 72 : 14 : 64
Critical_Path : 70, 64, 71, 65, 63, 81, 68, 63, 75, 70, 74, 80, 65, 66: 81 : 14 : 64
Critical_Path-Crone : 70, 70, 70, 69, 69, 69, 69, 70, 69, 70, 70, 70, 70, 70: 70 : 14 : 64
Critical_Path_Less : 76, 60, 62, 61, 56, 77, 61, 59, 77, 92, 63, 78, 77, 76: 92 : 14 : 64
Critical_Path_Less-Crone : 69, 70, 70, 69, 70, 69, 70, 71, 69, 69, 69, 70, 69, 71: 71 : 14 : 64
Critical_Path_Greater : 76, 64, 62, 62, 64, 74, 61, 63, 75, 89, 59, 74, 76, 76: 89 : 14 : 64
Critical_Path_Greater-Crone : 71, 69, 69, 70, 68, 69, 70, 69, 71, 70, 71, 70, 68, 70: 71 : 14 : 64
Crone : 69, 70, 69, 70, 70, 70, 70, 70, 69, 70, 70, 69, 69, 70: 70 : 14 : 64
Crone_Mod : 70, 70, 69, 70, 70, 69, 69, 70, 70, 70, 70, 69, 70, 69: 70 : 14 : 64
Pashkeev : 71, 58, 66, 60, 65, 59, 73, 77, 75, 78, 74, 77, 70, 72: 78 : 14 : 64
Pashkeev-Crone : 70, 70, 70, 70, 70, 69, 69, 70, 69, 70, 69, 69, 70, 70: 70 : 14 : 64
Pashkeev_Less : 63, 63, 63, 62, 59, 59, 79, 78, 77, 75, 75, 75, 74, 73: 79 : 14 : 64
Pashkeev_Less-Crone : 70, 69, 69, 69, 70, 70, 69, 70, 70, 70, 70, 70, 70, 69: 70 : 14 : 64
Pashkeev_Greater : 64, 64, 64, 64, 64, 64, 73, 74, 74, 74, 74, 75, 73, 74: 75 : 14 : 64
Pashkeev_Greater-Crone : 70, 70, 70, 70, 69, 70, 69, 70, 70, 69, 69, 69, 69, 71: 71 : 14 : 64
Critical_Path : 66, 63, 78, 60, 63, 65, 63, 77, 67, 68, 59, 63, 65, 63: 78 : 14 : 64
Critical_Path-Crone : 66, 65, 67, 66, 67, 65, 65, 67, 67, 67, 64, 64, 65, 65: 67 : 14 : 64
Critical_Path_Less : 56, 71, 73, 54, 72, 70, 71, 75, 60, 72, 57, 57, 73, 59: 75 : 14 : 64
Critical_Path_Less-Crone : 66, 66, 66, 66, 65, 65, 65, 66, 65, 66, 66, 66, 66, 66: 66 : 14 : 64
Critical_Path_Greater : 60, 74, 73, 60, 72, 73, 71, 70, 55, 70, 57, 58, 71, 56: 74 : 14 : 64
Critical_Path_Greater-Crone : 65, 66, 66, 66, 67, 65, 66, 64, 65, 67, 67, 65, 65, 66: 67 : 14 : 64
Crone : 66, 66, 66, 65, 66, 65, 66, 66, 66, 65, 66, 66, 65, 66: 66 : 14 : 64
Crone_Mod : 66, 66, 66, 66, 66, 66, 66, 66, 66, 66, 65, 65, 65, 65: 66 : 14 : 64
Pashkeev : 65, 52, 62, 65, 64, 53, 85, 69, 58, 66, 65, 64, 71, 81: 85 : 14 : 64
Pashkeev-Crone : 66, 66, 65, 65, 66, 65, 66, 65, 66, 66, 65, 66, 67, 66: 67 : 14 : 64
Pashkeev_Less : 59, 59, 57, 57, 56, 55, 75, 73, 73, 72, 72, 72, 70, 70: 75 : 14 : 64
Pashkeev_Less-Crone : 65, 65, 66, 66, 66, 66, 66, 65, 67, 66, 66, 65, 65, 66: 67 : 14 : 64
Pashkeev_Greater : 60, 61, 61, 60, 61, 61, 70, 70, 70, 70, 69, 69, 68, 70: 70 : 14 : 64
Pashkeev_Greater-Crone : 65, 66, 65, 64, 66, 67, 65, 66, 67, 67, 67, 65, 64, 66: 67 : 14 : 64
Critical_Path : 59, 67, 70, 73, 69, 60, 61, 63, 68, 68, 62, 70, 65, 68: 73 : 14 : 64
Critical_Path-Crone : 66, 66, 67, 66, 67, 65, 64, 64, 67, 66, 67, 67, 65, 66: 67 : 14 : 64
Critical_Path_Less : 55, 73, 71, 58, 58, 56, 54, 74, 75, 71, 54, 76, 76, 72: 76 : 14 : 64
Critical_Path_Less-Crone : 66, 66, 66, 66, 66, 66, 66, 66, 66, 66, 66, 66, 66, 65: 66 : 14 : 64
Critical_Path_Greater : 60, 72, 73, 58, 58, 60, 60, 69, 71, 73, 61, 68, 68, 72: 73 : 14 : 64
Critical_Path_Greater-Crone : 66, 66, 66, 66, 66, 66, 66, 66, 66, 66, 66, 66, 66, 65: 66 : 14 : 64
Crone : 67, 66, 67, 65, 65, 67, 65, 66, 67, 65, 67, 66, 65, 65: 67 : 14 : 64
Crone_Mod : 66, 66, 66, 66, 66, 66, 66, 65, 66, 66, 66, 66, 66, 66: 66 : 14 : 64
Pashkeev : 65, 67, 57, 58, 57, 52, 74, 74, 71, 69, 70, 64, 76, 69: 76 : 14 : 64
Pashkeev-Crone : 66, 66, 66, 66, 66, 66, 67, 66, 65, 67, 65, 65, 65, 67: 67 : 14 : 64
Pashkeev_Less : 59, 58, 57, 57, 57, 56, 76, 74, 74, 73, 72, 71, 70, 69: 76 : 14 : 64
Pashkeev_Less-Crone : 66, 66, 66, 66, 66, 66, 66, 66, 65, 66, 66, 65, 66, 67: 67 : 14 : 64
Pashkeev_Greater : 61, 61, 61, 61, 60, 60, 69, 70, 70, 70, 69, 70, 70, 71: 71 : 14 : 64
Pashkeev_Greater-Crone : 66, 66, 66, 66, 66, 66, 65, 66, 66, 66, 66, 66, 66, 66: 66 : 14 : 64
Critical_Path : 76, 67, 63, 66, 68, 63, 68, 69, 72, 60, 69, 66, 62, 71: 76 : 14 : 64
Critical_Path-Crone : 67, 67, 65, 66, 68, 66, 68, 67, 67, 69, 69, 66, 67, 68: 69 : 14 : 64
Critical_Path_Less : 78, 77, 54, 68, 73, 58, 61, 59, 77, 56, 74, 60, 71, 74: 78 : 14 : 64
Critical_Path_Less-Crone : 67, 67, 67, 67, 67, 67, 67, 67, 67, 67, 68, 67, 68, 67: 68 : 14 : 64
Critical_Path_Greater : 70, 70, 64, 77, 74, 59, 57, 60, 70, 61, 74, 58, 74, 72: 77 : 14 : 64
Critical_Path_Greater-Crone : 68, 68, 66, 68, 66, 67, 68, 67, 67, 66, 68, 68, 66, 67: 68 : 14 : 64
Crone : 67, 67, 67, 67, 67, 67, 67, 67, 68, 67, 67, 67, 67, 68: 68 : 14 : 64
Crone_Mod : 67, 67, 67, 67, 67, 67, 67, 68, 67, 68, 67, 67, 67, 67: 68 : 14 : 64
Pashkeev : 64, 64, 57, 55, 56, 71, 69, 81, 67, 70, 70, 86, 54, 76: 86 : 14 : 64
Pashkeev-Crone : 67, 67, 67, 68, 67, 67, 67, 68, 67, 67, 67, 67, 67, 67: 68 : 14 : 64
Pashkeev_Less : 59, 59, 59, 58, 58, 58, 77, 77, 75, 74, 73, 72, 71, 70: 77 : 14 : 64
Pashkeev_Less-Crone : 67, 67, 67, 67, 67, 67, 67, 67, 67, 67, 67, 67, 68, 68: 68 : 14 : 64
Pashkeev_Greater : 62, 62, 62, 62, 62, 61, 71, 70, 70, 70, 71, 71, 73, 73: 73 : 14 : 64
Pashkeev_Greater-Crone : 67, 67, 67, 67, 67, 67, 67, 68, 67, 67, 67, 67, 67, 68: 68 : 14 : 64
Critical_Path : 72, 64, 66, 65, 68, 62, 74, 65, 74, 64, 68, 75, 68, 74: 75 : 14 : 64
Critical_Path-Crone : 69, 69, 69, 69, 69, 69, 68, 68, 68, 68, 68, 68, 68, 69: 69 : 14 : 64
Critical_Path_Less : 75, 56, 58, 55, 75, 59, 79, 58, 78, 57, 75, 79, 77, 78: 79 : 14 : 64
Critical_Path_Less-Crone : 68, 68, 69, 69, 69, 69, 68, 69, 68, 68, 68, 68, 69, 69: 69 : 14 : 64
Critical_Path_Greater : 75, 64, 62, 65, 77, 61, 71, 60, 72, 63, 75, 69, 73, 72: 77 : 14 : 64
Critical_Path_Greater-Crone : 68, 69, 69, 69, 68, 69, 68, 68, 68, 68, 68, 69, 69, 69: 69 : 14 : 64
Crone : 69, 68, 69, 68, 68, 69, 68, 69, 68, 68, 69, 69, 68, 69: 69 : 14 : 64
Crone_Mod : 69, 69, 68, 68, 69, 69, 68, 69, 69, 68, 69, 68, 68, 68: 69 : 14 : 64
Pashkeev : 59, 55, 61, 55, 69, 63, 85, 68, 77, 80, 73, 70, 71, 73: 85 : 14 : 64
Pashkeev-Crone : 69, 68, 68, 69, 69, 69, 68, 68, 68, 69, 69, 69, 68, 68: 69 : 14 : 64
Pashkeev_Less : 61, 61, 59, 59, 59, 58, 77, 77, 75, 75, 75, 75, 75, 73: 77 : 14 : 64
Pashkeev_Less-Crone : 68, 69, 69, 69, 69, 69, 68, 68, 68, 69, 67, 68, 69, 69: 69 : 14 : 64
Pashkeev_Greater : 63, 64, 63, 63, 63, 63, 74, 74, 73, 73, 71, 71, 72, 72: 74 : 14 : 64
Pashkeev_Greater-Crone : 69, 68, 69, 69, 69, 69, 68, 68, 68, 68, 68, 69, 68, 69: 69 : 14 : 64
Critical_Path : 61, 66, 67, 77, 69, 72, 69, 77, 67, 67, 67, 66, 77, 59: 77 : 14 : 64
Critical_Path-Crone : 69, 69, 68, 68, 69, 69, 69, 68, 69, 68, 69, 68, 68, 70: 70 : 14 : 64
Critical_Path_Less : 55, 57, 57, 75, 78, 77, 58, 78, 73, 60, 76, 78, 79, 60: 79 : 14 : 64
Critical_Path_Less-Crone : 69, 69, 68, 69, 68, 69, 68, 69, 69, 68, 69, 69, 69, 68: 69 : 14 : 64
Critical_Path_Greater : 65, 64, 61, 76, 73, 76, 61, 73, 76, 58, 73, 73, 71, 61: 76 : 14 : 64
Critical_Path_Greater-Crone : 69, 69, 69, 69, 69, 68, 68, 68, 68, 69, 69, 68, 69, 69: 69 : 14 : 64
Crone : 69, 69, 68, 69, 69, 69, 68, 68, 68, 69, 69, 69, 68, 69: 69 : 14 : 64
Crone_Mod : 67, 68, 70, 70, 69, 69, 66, 70, 70, 66, 70, 70, 70, 66: 70 : 14 : 64
Pashkeev : 62, 57, 69, 53, 74, 54, 75, 76, 76, 76, 78, 68, 74, 69: 78 : 14 : 64
Pashkeev-Crone : 69, 69, 69, 69, 68, 69, 68, 69, 68, 69, 68, 68, 69, 69: 69 : 14 : 64
Pashkeev_Less : 61, 60, 60, 60, 60, 58, 78, 76, 76, 76, 76, 74, 73, 73: 78 : 14 : 64
Pashkeev_Less-Crone : 68, 69, 69, 69, 69, 69, 69, 68, 68, 68, 68, 68, 69, 70: 70 : 14 : 64
Pashkeev_Greater : 63, 62, 62, 62, 62, 62, 73, 73, 73, 74, 74, 74, 74, 73: 74 : 14 : 64
Pashkeev_Greater-Crone : 69, 69, 69, 68, 69, 69, 68, 68, 69, 69, 69, 68, 68, 69: 69 : 14 : 64
Critical_Path : 66, 66, 65, 62, 71, 67, 64, 75, 75, 72, 68, 74, 72, 76: 76 : 14 : 64
Critical_Path-Crone : 69, 69, 70, 70, 70, 69, 70, 69, 70, 70, 69, 69, 70, 69: 70 : 14 : 64
Critical_Path_Less : 59, 59, 58, 59, 79, 75, 60, 78, 77, 77, 61, 76, 78, 77: 79 : 14 : 64
Critical_Path_Less-Crone : 70, 69, 69, 70, 70, 69, 69, 70, 69, 69, 70, 70, 70, 69: 70 : 14 : 64
Critical_Path_Greater : 63, 63, 63, 64, 73, 78, 62, 74, 74, 76, 60, 75, 73, 75: 78 : 14 : 64
Critical_Path_Greater-Crone : 70, 69, 69, 70, 69, 69, 70, 70, 69, 70, 70, 69, 70, 69: 70 : 14 : 64
Crone : 69, 70, 70, 70, 69, 70, 69, 69, 69, 70, 69, 69, 70, 70: 70 : 14 : 64
Crone_Mod : 69, 70, 69, 69, 70, 69, 70, 70, 70, 69, 70, 69, 70, 69: 70 : 14 : 64
Pashkeev : 62, 57, 51, 56, 61, 54, 80, 85, 74, 84, 76, 80, 82, 71: 85 : 14 : 64
Pashkeev-Crone : 69, 70, 70, 70, 69, 70, 69, 69, 69, 69, 70, 70, 70, 69: 70 : 14 : 64
Pashkeev_Less : 62, 61, 61, 60, 60, 60, 79, 79, 76, 76, 75, 75, 75, 74: 79 : 14 : 64
Pashkeev_Less-Crone : 70, 70, 70, 69, 70, 70, 70, 70, 69, 69, 69, 69, 69, 69: 70 : 14 : 64
Pashkeev_Greater : 64, 64, 63, 63, 62, 63, 74, 75, 74, 74, 74, 73, 75, 75: 75 : 14 : 64
Pashkeev_Greater-Crone : 69, 69, 70, 70, 71, 68, 70, 69, 70, 70, 71, 70, 68, 68: 71 : 14 : 64
Critical_Path : 63, 78, 63, 61, 62, 74, 71, 69, 62, 72, 72, 64, 74, 64: 78 : 14 : 64
Critical_Path-Crone : 67, 68, 68, 68, 67, 67, 66, 67, 68, 69, 68, 68, 69, 69: 69 : 14 : 64
Critical_Path_Less : 56, 91, 57, 55, 58, 75, 78, 76, 55, 59, 75, 76, 79, 59: 91 : 14 : 64
Critical_Path_Less-Crone : 68, 68, 68, 68, 68, 68, 67, 67, 68, 68, 68, 67, 67, 69: 69 : 14 : 64
Critical_Path_Greater : 62, 87, 62, 64, 60, 74, 69, 72, 63, 60, 73, 74, 70, 59: 87 : 14 : 64
Critical_Path_Greater-Crone : 68, 68, 68, 68, 68, 68, 68, 68, 67, 67, 68, 68, 67, 68: 68 : 14 : 64
Crone : 68, 68, 68, 68, 68, 68, 67, 67, 68, 68, 68, 67, 68, 68: 68 : 14 : 64
Crone_Mod : 68, 68, 68, 68, 68, 67, 67, 67, 68, 68, 68, 68, 68, 68: 68 : 14 : 64
Pashkeev : 53, 67, 59, 48, 69, 59, 74, 80, 80, 79, 77, 66, 66, 72: 80 : 14 : 64
Pashkeev-Crone : 68, 67, 67, 68, 67, 68, 68, 69, 69, 67, 67, 68, 68, 68: 69 : 14 : 64
Pashkeev_Less : 61, 61, 61, 58, 57, 57, 77, 76, 75, 75, 75, 73, 72, 71: 77 : 14 : 64
Pashkeev_Less-Crone : 68, 67, 68, 68, 68, 68, 68, 68, 68, 68, 67, 67, 68, 68: 68 : 14 : 64
Pashkeev_Greater : 62, 61, 62, 63, 63, 62, 71, 72, 72, 73, 73, 71, 72, 72: 73 : 14 : 64
Pashkeev_Greater-Crone : 68, 69, 70, 67, 67, 65, 70, 69, 70, 66, 65, 68, 69, 66: 70 : 14 : 64
Critical_Path : 79, 63, 66, 67, 72, 70, 71, 69, 64, 64, 65, 71, 75, 68: 79 : 14 : 64
Critical_Path-Crone : 69, 69, 68, 68, 68, 69, 70, 69, 70, 68, 68, 70, 70, 68: 70 : 14 : 64
Critical_Path_Less : 74, 58, 60, 61, 77, 58, 74, 75, 75, 60, 78, 60, 77, 77: 78 : 14 : 64
Critical_Path_Less-Crone : 69, 69, 69, 68, 69, 69, 68, 69, 70, 68, 69, 69, 69, 69: 70 : 14 : 64
Critical_Path_Greater : 76, 63, 62, 61, 75, 61, 76, 76, 76, 61, 73, 59, 72, 73: 76 : 14 : 64
Critical_Path_Greater-Crone : 69, 69, 69, 69, 69, 69, 69, 69, 69, 69, 68, 69, 68, 69: 69 : 14 : 64
Crone : 69, 69, 69, 69, 69, 69, 69, 69, 69, 69, 69, 69, 68, 68: 69 : 14 : 64
Crone_Mod : 69, 69, 69, 69, 69, 69, 69, 69, 69, 68, 69, 69, 69, 68: 69 : 14 : 64
Pashkeev : 59, 63, 62, 63, 61, 56, 76, 71, 70, 82, 83, 74, 74, 70: 83 : 14 : 64
Pashkeev-Crone : 68, 68, 68, 70, 68, 70, 70, 69, 70, 69, 69, 67, 68, 70: 70 : 14 : 64
Pashkeev_Less : 62, 61, 61, 59, 59, 59, 78, 77, 77, 77, 76, 73, 73, 72: 78 : 14 : 64
Pashkeev_Less-Crone : 69, 69, 69, 69, 69, 69, 68, 69, 69, 69, 69, 68, 69, 69: 69 : 14 : 64
Pashkeev_Greater : 63, 62, 62, 63, 63, 63, 73, 72, 72, 74, 75, 74, 74, 74: 75 : 14 : 64
Pashkeev_Greater-Crone : 69, 69, 69, 69, 69, 69, 69, 69, 69, 68, 69, 69, 68, 69: 69 : 14 : 64
Critical_Path : 78, 66, 67, 67, 67, 74, 72, 82, 73, 68, 68, 63, 76, 73: 82 : 14 : 64
Critical_Path-Crone : 71, 71, 71, 71, 71, 71, 71, 71, 71, 70, 71, 72, 72, 70: 72 : 14 : 64
Critical_Path_Less : 79, 60, 62, 58, 61, 82, 77, 80, 78, 63, 59, 76, 78, 81: 82 : 14 : 64
Critical_Path_Less-Crone : 71, 71, 71, 71, 71, 71, 72, 71, 70, 72, 71, 72, 70, 70: 72 : 14 : 64
Critical_Path_Greater : 76, 64, 63, 66, 64, 74, 77, 75, 78, 62, 65, 78, 77, 75: 78 : 14 : 64
Critical_Path_Greater-Crone : 71, 71, 71, 70, 72, 72, 72, 72, 70, 72, 71, 70, 70, 70: 72 : 14 : 64
Crone : 72, 70, 72, 70, 72, 71, 70, 72, 71, 71, 69, 72, 71, 71: 72 : 14 : 64
Crone_Mod : 71, 71, 71, 71, 71, 71, 71, 71, 71, 71, 71, 71, 71, 71: 71 : 14 : 64
Pashkeev : 71, 59, 58, 53, 62, 61, 80, 84, 70, 81, 76, 83, 77, 79: 84 : 14 : 64
Pashkeev-Crone : 71, 71, 72, 72, 71, 72, 72, 70, 70, 70, 70, 71, 70, 72: 72 : 14 : 64
Pashkeev_Less : 63, 63, 63, 63, 62, 61, 80, 79, 79, 78, 77, 76, 76, 74: 80 : 14 : 64
Pashkeev_Less-Crone : 71, 71, 71, 71, 71, 71, 71, 71, 71, 71, 71, 71, 71, 71: 71 : 14 : 64
Pashkeev_Greater : 67, 67, 67, 66, 65, 65, 75, 75, 74, 75, 75, 75, 74, 74: 75 : 14 : 64
Pashkeev_Greater-Crone : 71, 71, 71, 70, 71, 71, 72, 71, 70, 71, 72, 71, 72, 70: 72 : 14 : 64
Critical_Path : 65, 70, 69, 73, 68, 62, 60, 66, 69, 60, 69, 76, 73, 69: 76 : 14 : 64
Critical_Path-Crone : 68, 68, 68, 67, 68, 68, 68, 68, 68, 68, 68, 67, 67, 68: 68 : 14 : 64
Critical_Path_Less : 76, 77, 71, 76, 58, 56, 58, 72, 73, 57, 61, 78, 61, 75: 78 : 14 : 64
Critical_Path_Less-Crone : 68, 68, 68, 68, 68, 68, 68, 68, 68, 67, 68, 67, 68, 67: 68 : 14 : 64
Critical_Path_Greater : 72, 71, 79, 72, 62, 63, 59, 77, 74, 61, 58, 71, 56, 74: 79 : 14 : 64
Critical_Path_Greater-Crone : 68, 68, 68, 68, 67, 68, 68, 67, 68, 67, 68, 68, 68, 68: 68 : 14 : 64
Crone : 68, 68, 68, 68, 68, 68, 68, 68, 68, 67, 68, 68, 67, 67: 68 : 14 : 64
Crone_Mod : 68, 68, 68, 68, 68, 68, 68, 68, 67, 67, 68, 68, 67, 68: 68 : 14 : 64
Pashkeev : 57, 68, 58, 53, 64, 50, 70, 79, 74, 71, 75, 72, 87, 71: 87 : 14 : 64
Pashkeev-Crone : 68, 68, 68, 67, 68, 68, 68, 68, 67, 68, 67, 69, 67, 68: 69 : 14 : 64
Pashkeev_Less : 61, 60, 59, 59, 58, 57, 76, 76, 76, 75, 73, 73, 73, 73: 76 : 14 : 64
Pashkeev_Less-Crone : 68, 68, 68, 68, 68, 68, 68, 67, 67, 67, 68, 68, 68, 68: 68 : 14 : 64
Pashkeev_Greater : 62, 62, 62, 61, 62, 62, 73, 73, 72, 71, 73, 73, 72, 71: 73 : 14 : 64
Pashkeev_Greater-Crone : 68, 68, 67, 68, 69, 68, 66, 69, 68, 67, 66, 69, 69, 67: 69 : 14 : 64
Critical_Path : 69, 77, 65, 75, 73, 68, 69, 67, 66, 65, 73, 61, 70, 64: 77 : 14 : 64
Critical_Path-Crone : 69, 69, 69, 69, 69, 68, 69, 69, 68, 68, 69, 69, 69, 68: 69 : 14 : 64
Critical_Path_Less : 75, 77, 74, 77, 77, 61, 58, 75, 60, 59, 74, 58, 78, 59: 78 : 14 : 64
Critical_Path_Less-Crone : 68, 68, 69, 68, 68, 70, 70, 67, 70, 69, 70, 68, 68, 69: 70 : 14 : 64
Critical_Path_Greater : 76, 73, 76, 72, 74, 60, 62, 77, 59, 62, 75, 64, 71, 61: 77 : 14 : 64
Critical_Path_Greater-Crone : 69, 69, 69, 69, 69, 68, 69, 69, 68, 69, 68, 69, 69, 68: 69 : 14 : 64
Crone : 69, 69, 69, 68, 68, 69, 69, 69, 68, 69, 69, 69, 69, 68: 69 : 14 : 64
Crone_Mod : 69, 69, 69, 68, 69, 69, 69, 68, 68, 69, 69, 69, 69, 68: 69 : 14 : 64
Pashkeev : 62, 62, 51, 62, 67, 57, 69, 70, 87, 65, 80, 75, 79, 76: 87 : 14 : 64
Pashkeev-Crone : 68, 68, 70, 68, 67, 68, 69, 70, 67, 70, 70, 69, 69, 69: 70 : 14 : 64
Pashkeev_Less : 61, 61, 61, 59, 59, 58, 78, 78, 77, 75, 75, 75, 74, 71: 78 : 14 : 64
Pashkeev_Less-Crone : 69, 68, 69, 68, 69, 69, 69, 69, 69, 69, 68, 68, 69, 69: 69 : 14 : 64
Pashkeev_Greater : 64, 64, 63, 64, 64, 64, 74, 71, 72, 72, 72, 73, 73, 72: 74 : 14 : 64
Pashkeev_Greater-Crone : 69, 69, 68, 69, 68, 68, 69, 68, 69, 69, 69, 69, 69, 69: 69 : 14 : 64
Critical_Path : 67, 72, 68, 71, 63, 71, 62, 72, 63, 67, 61, 76, 71, 64: 76 : 14 : 64
Critical_Path-Crone : 67, 67, 68, 69, 67, 69, 67, 69, 68, 67, 68, 67, 67, 68: 69 : 14 : 64
Critical_Path_Less : 58, 74, 74, 75, 59, 75, 70, 79, 55, 60, 57, 79, 61, 72: 79 : 14 : 64
Critical_Path_Less-Crone : 68, 68, 67, 68, 68, 67, 68, 68, 67, 67, 68, 68, 68, 68: 68 : 14 : 64
Critical_Path_Greater : 60, 74, 76, 74, 61, 73, 78, 70, 62, 59, 60, 70, 58, 73: 78 : 14 : 64
Critical_Path_Greater-Crone : 68, 67, 67, 68, 68, 67, 68, 68, 67, 67, 68, 68, 68, 69: 69 : 14 : 64
Crone : 68, 68, 68, 68, 67, 68, 68, 67, 68, 68, 68, 67, 67, 68: 68 : 14 : 64
Crone_Mod : 68, 68, 68, 67, 68, 67, 68, 68, 68, 68, 67, 68, 68, 67: 68 : 14 : 64
Pashkeev : 60, 60, 60, 58, 57, 60, 79, 69, 70, 78, 75, 81, 72, 69: 81 : 14 : 64
Pashkeev-Crone : 68, 68, 68, 67, 67, 68, 68, 68, 68, 67, 67, 68, 68, 68: 68 : 14 : 64
Pashkeev_Less : 61, 61, 59, 58, 58, 57, 77, 76, 76, 75, 74, 73, 72, 71: 77 : 14 : 64
Pashkeev_Less-Crone : 68, 68, 68, 67, 67, 68, 67, 68, 68, 68, 67, 68, 68, 68: 68 : 14 : 64
Pashkeev_Greater : 62, 62, 62, 61, 62, 61, 71, 72, 73, 73, 73, 72, 72, 72: 73 : 14 : 64
Pashkeev_Greater-Crone : 69, 66, 68, 68, 67, 69, 67, 69, 66, 67, 68, 68, 67, 69: 69 : 14 : 64
Critical_Path : 73, 77, 65, 68, 72, 64, 67, 66, 68, 72, 65, 63, 66, 65: 77 : 14 : 64
Critical_Path-Crone : 68, 67, 69, 68, 69, 69, 67, 66, 68, 69, 69, 68, 66, 68: 69 : 14 : 64
Critical_Path_Less : 75, 77, 73, 57, 91, 59, 60, 58, 74, 76, 60, 55, 61, 75: 91 : 14 : 64
Critical_Path_Less-Crone : 68, 68, 68, 68, 68, 68, 68, 68, 68, 68, 68, 68, 68, 67: 68 : 14 : 64
Critical_Path_Greater : 75, 72, 76, 62, 86, 61, 58, 61, 74, 73, 60, 63, 58, 72: 86 : 14 : 64
Critical_Path_Greater-Crone : 68, 68, 69, 67, 67, 68, 69, 67, 69, 69, 68, 67, 67, 68: 69 : 14 : 64
Crone : 68, 68, 68, 68, 68, 68, 68, 68, 69, 68, 67, 67, 69, 67: 69 : 14 : 64
Crone_Mod : 68, 68, 68, 68, 68, 68, 68, 68, 68, 68, 68, 67, 68, 68: 68 : 14 : 64
Pashkeev : 60, 62, 63, 58, 57, 55, 78, 82, 84, 78, 66, 61, 78, 69: 84 : 14 : 64
Pashkeev-Crone : 67, 68, 68, 69, 67, 68, 69, 67, 69, 67, 68, 67, 68, 69: 69 : 14 : 64
Pashkeev_Less : 62, 61, 60, 59, 59, 58, 77, 76, 75, 75, 73, 72, 72, 72: 77 : 14 : 64
Pashkeev_Less-Crone : 67, 68, 68, 69, 69, 68, 67, 67, 67, 67, 67, 69, 69, 69: 69 : 14 : 64
Pashkeev_Greater : 63, 62, 61, 62, 63, 62, 72, 72, 72, 71, 73, 73, 73, 72: 73 : 14 : 64
Pashkeev_Greater-Crone : 66, 70, 69, 68, 69, 67, 70, 69, 69, 67, 66, 66, 67, 68: 70 : 14 : 64
Critical_Path : 65, 72, 71, 61, 74, 77, 78, 68, 70, 67, 78, 63, 80, 65: 80 : 14 : 64
Critical_Path-Crone : 70, 72, 71, 71, 70, 72, 70, 69, 70, 69, 71, 72, 72, 70: 72 : 14 : 64
Critical_Path_Less : 60, 75, 78, 59, 77, 76, 79, 62, 76, 61, 83, 59, 80, 64: 83 : 14 : 64
Critical_Path_Less-Crone : 71, 71, 71, 71, 71, 70, 70, 71, 71, 71, 70, 71, 70, 70: 71 : 14 : 64
Critical_Path_Greater : 64, 80, 76, 65, 76, 77, 76, 62, 78, 63, 73, 64, 74, 61: 80 : 14 : 64
Critical_Path_Greater-Crone : 71, 71, 71, 71, 71, 70, 70, 70, 71, 70, 71, 71, 71, 70: 71 : 14 : 64
Crone : 71, 71, 70, 70, 70, 71, 71, 70, 71, 70, 72, 70, 70, 72: 72 : 14 : 64
Crone_Mod : 70, 71, 71, 72, 70, 70, 70, 72, 69, 72, 69, 69, 72, 72: 72 : 14 : 64
Pashkeev : 73, 67, 76, 92, 73, 79, 78, 85, 48, 65, 63, 62, 55, 73: 92 : 14 : 64
Pashkeev-Crone : 70, 70, 70, 72, 70, 71, 70, 70, 70, 71, 71, 71, 71, 72: 72 : 14 : 64
Pashkeev_Less : 64, 64, 64, 61, 60, 60, 80, 79, 79, 78, 75, 75, 75, 75: 80 : 14 : 64
Pashkeev_Less-Crone : 71, 70, 70, 70, 71, 71, 70, 70, 71, 71, 71, 71, 72, 70: 72 : 14 : 64
Pashkeev_Greater : 64, 64, 65, 66, 64, 64, 75, 75, 75, 75, 76, 75, 75, 76: 76 : 14 : 64
Pashkeev_Greater-Crone : 70, 71, 71, 71, 71, 71, 70, 71, 71, 70, 70, 70, 71, 71: 71 : 14 : 64
Critical_Path : 75, 63, 63, 62, 61, 66, 74, 67, 65, 65, 68, 60, 69, 73: 75 : 14 : 64
Critical_Path-Crone : 65, 66, 65, 64, 68, 66, 65, 67, 65, 65, 68, 69, 69, 69: 69 : 14 : 64
Critical_Path_Less : 74, 56, 56, 71, 68, 76, 60, 58, 59, 72, 91, 41, 75, 74: 91 : 14 : 64
Critical_Path_Less-Crone : 66, 66, 67, 66, 67, 66, 67, 66, 66, 67, 67, 66, 66, 68: 68 : 14 : 64
Critical_Path_Greater : 72, 60, 59, 75, 76, 71, 58, 59, 57, 74, 83, 45, 71, 71: 83 : 14 : 64
Critical_Path_Greater-Crone : 67, 67, 67, 67, 66, 66, 66, 66, 66, 66, 66, 67, 67, 67: 67 : 14 : 64
Crone : 67, 67, 66, 67, 66, 66, 67, 67, 66, 66, 67, 67, 66, 66: 67 : 14 : 64
Crone_Mod : 67, 67, 67, 67, 67, 66, 66, 66, 67, 66, 66, 67, 66, 66: 67 : 14 : 64
Pashkeev : 56, 56, 71, 61, 51, 66, 80, 72, 72, 69, 69, 70, 75, 63: 80 : 14 : 64
Pashkeev-Crone : 67, 67, 66, 67, 67, 66, 67, 67, 67, 66, 66, 66, 66, 66: 67 : 14 : 64
Pashkeev_Less : 59, 59, 59, 57, 57, 55, 75, 75, 75, 73, 73, 72, 71, 71: 75 : 14 : 64
Pashkeev_Less-Crone : 66, 66, 66, 67, 67, 66, 67, 66, 67, 67, 66, 67, 67, 66: 67 : 14 : 64
Pashkeev_Greater : 60, 62, 62, 61, 61, 61, 71, 71, 70, 71, 71, 70, 70, 70: 71 : 14 : 64
Pashkeev_Greater-Crone : 66, 66, 66, 67, 67, 66, 67, 67, 67, 66, 67, 66, 67, 66: 67 : 14 : 64
Critical_Path : 68, 63, 70, 69, 76, 63, 74, 66, 70, 64, 68, 64, 78, 68: 78 : 14 : 64
Critical_Path-Crone : 69, 69, 68, 69, 69, 69, 69, 68, 69, 69, 68, 69, 68, 68: 69 : 14 : 64
Critical_Path_Less : 73, 59, 59, 78, 76, 56, 77, 60, 61, 74, 75, 60, 79, 74: 79 : 14 : 64
Critical_Path_Less-Crone : 69, 69, 69, 68, 69, 68, 69, 69, 70, 68, 68, 70, 68, 67: 70 : 14 : 64
Critical_Path_Greater : 76, 62, 61, 72, 75, 63, 73, 61, 59, 74, 75, 61, 73, 76: 76 : 14 : 64
Critical_Path_Greater-Crone : 69, 68, 68, 69, 70, 69, 70, 69, 70, 69, 68, 68, 67, 67: 70 : 14 : 64
Crone : 68, 69, 68, 69, 68, 68, 69, 69, 68, 68, 70, 68, 70, 69: 70 : 14 : 64
Crone_Mod : 69, 69, 69, 69, 69, 68, 69, 69, 68, 68, 68, 69, 69, 68: 69 : 14 : 64
Pashkeev : 59, 73, 72, 62, 53, 54, 75, 74, 86, 68, 70, 75, 71, 69: 86 : 14 : 64
Pashkeev-Crone : 69, 69, 69, 68, 69, 69, 69, 68, 68, 68, 69, 69, 68, 69: 69 : 14 : 64
Pashkeev_Less : 62, 61, 61, 61, 60, 58, 78, 76, 76, 76, 74, 73, 73, 72: 78 : 14 : 64
Pashkeev_Less-Crone : 69, 69, 68, 69, 69, 69, 68, 69, 69, 68, 68, 68, 69, 69: 69 : 14 : 64
Pashkeev_Greater : 63, 63, 64, 64, 63, 63, 73, 72, 72, 72, 73, 73, 73, 73: 73 : 14 : 64
Pashkeev_Greater-Crone : 69, 68, 69, 69, 69, 69, 69, 69, 68, 69, 69, 68, 68, 68: 69 : 14 : 64
Critical_Path : 63, 74, 74, 72, 75, 73, 66, 72, 63, 68, 67, 64, 72, 77: 77 : 14 : 64
Critical_Path-Crone : 70, 70, 70, 70, 70, 70, 70, 70, 70, 70, 70, 70, 70, 70: 70 : 14 : 64
Critical_Path_Less : 71, 77, 62, 74, 80, 61, 60, 76, 61, 62, 77, 61, 79, 79: 80 : 14 : 64
Critical_Path_Less-Crone : 70, 70, 70, 70, 70, 70, 70, 70, 70, 70, 70, 70, 70, 70: 70 : 14 : 64
Critical_Path_Greater : 82, 74, 60, 78, 74, 62, 63, 77, 62, 61, 75, 64, 74, 74: 82 : 14 : 64
Critical_Path_Greater-Crone : 70, 70, 70, 70, 70, 70, 70, 70, 70, 70, 70, 70, 70, 70: 70 : 14 : 64
Crone : 70, 70, 70, 70, 70, 70, 69, 70, 70, 71, 69, 70, 70, 71: 71 : 14 : 64
Crone_Mod : 70, 70, 70, 70, 69, 70, 70, 70, 70, 70, 70, 69, 71, 71: 71 : 14 : 64
Pashkeev : 62, 63, 62, 54, 58, 69, 68, 74, 78, 77, 76, 83, 86, 70: 86 : 14 : 64
Pashkeev-Crone : 70, 70, 70, 70, 70, 70, 70, 70, 70, 70, 70, 70, 70, 70: 70 : 14 : 64
Pashkeev_Less : 63, 63, 62, 61, 61, 59, 79, 78, 78, 77, 77, 75, 74, 73: 79 : 14 : 64
Pashkeev_Less-Crone : 70, 70, 70, 70, 70, 70, 70, 70, 70, 70, 70, 70, 70, 70: 70 : 14 : 64
Pashkeev_Greater : 64, 65, 65, 65, 65, 64, 73, 74, 74, 75, 74, 74, 74, 74: 75 : 14 : 64
Pashkeev_Greater-Crone : 70, 70, 70, 70, 70, 70, 70, 70, 70, 70, 70, 70, 70, 70: 70 : 14 : 64
Critical_Path : 64, 61, 63, 64, 75, 62, 69, 66, 62, 70, 62, 63, 68, 78: 78 : 14 : 64
Critical_Path-Crone : 66, 66, 66, 66, 66, 66, 66, 66, 66, 67, 67, 66, 66, 67: 67 : 14 : 64
Critical_Path_Less : 71, 56, 55, 73, 76, 56, 73, 73, 54, 75, 54, 58, 73, 80: 80 : 14 : 64
Critical_Path_Less-Crone : 67, 66, 66, 66, 66, 67, 65, 65, 66, 66, 65, 67, 67, 68: 68 : 14 : 64
Critical_Path_Greater : 73, 60, 61, 72, 70, 61, 72, 71, 62, 69, 61, 57, 72, 66: 73 : 14 : 64
Critical_Path_Greater-Crone : 67, 67, 67, 67, 67, 66, 65, 66, 65, 66, 66, 65, 67, 66: 67 : 14 : 64
Crone : 66, 66, 66, 66, 66, 66, 67, 66, 66, 66, 67, 66, 67, 66: 67 : 14 : 64
Crone_Mod : 66, 66, 66, 66, 66, 66, 66, 66, 66, 67, 66, 66, 67, 67: 67 : 14 : 64
Pashkeev : 59, 51, 60, 64, 66, 50, 70, 79, 71, 75, 61, 82, 69, 70: 82 : 14 : 64
Pashkeev-Crone : 66, 66, 66, 66, 66, 66, 66, 66, 67, 67, 66, 67, 65, 67: 67 : 14 : 64
Pashkeev_Less : 60, 60, 58, 57, 57, 56, 75, 75, 74, 72, 72, 71, 70, 70: 75 : 14 : 64
Pashkeev_Less-Crone : 66, 66, 66, 66, 67, 67, 67, 66, 66, 66, 66, 65, 66, 67: 67 : 14 : 64
Pashkeev_Greater : 61, 62, 62, 61, 61, 60, 70, 70, 71, 71, 69, 69, 70, 70: 71 : 14 : 64
Pashkeev_Greater-Crone : 66, 66, 66, 66, 66, 66, 66, 67, 66, 66, 66, 66, 67, 67: 67 : 14 : 64
Critical_Path : 65, 65, 60, 69, 75, 69, 62, 64, 62, 62, 74, 63, 65, 63: 75 : 14 : 64
Critical_Path-Crone : 65, 65, 68, 69, 66, 69, 67, 64, 64, 62, 68, 63, 65, 63: 69 : 14 : 64
Critical_Path_Less : 55, 72, 68, 89, 74, 73, 54, 57, 54, 57, 76, 56, 72, 61: 89 : 14 : 64
Critical_Path_Less-Crone : 66, 65, 66, 66, 66, 65, 66, 65, 66, 65, 65, 66, 66, 65: 66 : 14 : 64
Critical_Path_Greater : 60, 74, 74, 85, 70, 73, 59, 57, 58, 57, 70, 58, 69, 54: 85 : 14 : 64
Critical_Path_Greater-Crone : 66, 66, 65, 65, 65, 65, 66, 66, 66, 66, 65, 66, 65, 66: 66 : 14 : 64
Crone : 65, 65, 66, 66, 65, 66, 65, 65, 65, 66, 66, 67, 66, 65: 67 : 14 : 64
Crone_Mod : 66, 66, 66, 65, 66, 66, 65, 65, 66, 65, 65, 66, 65, 66: 66 : 14 : 64
Pashkeev : 61, 43, 50, 56, 58, 64, 83, 73, 74, 76, 65, 68, 71, 76: 83 : 14 : 64
Pashkeev-Crone : 65, 68, 66, 67, 63, 64, 68, 66, 63, 63, 65, 68, 67, 65: 68 : 14 : 64
Pashkeev_Less : 59, 57, 57, 56, 55, 54, 74, 74, 74, 74, 73, 71, 70, 70: 74 : 14 : 64
Pashkeev_Less-Crone : 66, 65, 65, 66, 65, 66, 65, 65, 66, 66, 66, 65, 65, 67: 67 : 14 : 64
Pashkeev_Greater : 60, 61, 61, 61, 60, 60, 70, 70, 70, 70, 70, 69, 68, 68: 70 : 14 : 64
Pashkeev_Greater-Crone : 66, 66, 66, 65, 66, 65, 66, 65, 65, 65, 65, 66, 66, 66: 66 : 14 : 64
Critical_Path : 74, 76, 76, 67, 73, 68, 67, 74, 73, 68, 76, 77, 67, 72: 77 : 14 : 64
Critical_Path-Crone : 72, 72, 72, 72, 72, 72, 72, 72, 72, 72, 72, 72, 72, 72: 72 : 14 : 64
Critical_Path_Less : 79, 77, 79, 61, 63, 76, 60, 79, 80, 64, 83, 83, 59, 65: 83 : 14 : 64
Critical_Path_Less-Crone : 72, 72, 72, 73, 73, 72, 72, 71, 73, 73, 71, 71, 71, 72: 73 : 14 : 64
Critical_Path_Greater : 78, 80, 77, 65, 63, 82, 66, 77, 79, 64, 74, 74, 66, 63: 82 : 14 : 64
Critical_Path_Greater-Crone : 72, 72, 72, 72, 72, 72, 72, 73, 71, 71, 72, 73, 72, 72: 73 : 14 : 64
Crone : 72, 72, 72, 72, 72, 72, 73, 71, 72, 72, 72, 72, 73, 71: 73 : 14 : 64
Crone_Mod : 72, 72, 72, 72, 72, 72, 72, 72, 71, 72, 72, 73, 72, 72: 73 : 14 : 64
Pashkeev : 59, 60, 59, 72, 68, 58, 71, 70, 85, 83, 81, 85, 81, 76: 85 : 14 : 64
Pashkeev-Crone : 72, 72, 72, 72, 72, 72, 72, 72, 72, 72, 73, 71, 71, 73: 73 : 14 : 64
Pashkeev_Less : 65, 64, 64, 63, 63, 63, 80, 80, 79, 79, 79, 78, 76, 75: 80 : 14 : 64
Pashkeev_Less-Crone : 72, 72, 72, 72, 72, 72, 72, 72, 72, 72, 72, 71, 72, 73: 73 : 14 : 64
Pashkeev_Greater : 67, 67, 66, 66, 66, 66, 75, 76, 77, 77, 77, 76, 76, 76: 77 : 14 : 64
Pashkeev_Greater-Crone : 72, 72, 71, 72, 73, 71, 72, 73, 71, 72, 72, 72, 72, 73: 73 : 14 : 64
Critical_Path : 79, 73, 72, 73, 77, 75, 64, 71, 62, 65, 64, 67, 71, 69: 79 : 14 : 64
Critical_Path-Crone : 70, 70, 70, 70, 70, 70, 70, 70, 70, 70, 70, 71, 71, 70: 71 : 14 : 64
Critical_Path_Less : 77, 61, 75, 78, 80, 78, 58, 77, 58, 62, 60, 60, 80, 78: 80 : 14 : 64
Critical_Path_Less-Crone : 70, 70, 71, 70, 70, 70, 69, 71, 70, 71, 70, 71, 70, 69: 71 : 14 : 64
Critical_Path_Greater : 77, 62, 79, 74, 73, 75, 64, 79, 64, 62, 63, 62, 73, 75: 79 : 14 : 64
Critical_Path_Greater-Crone : 70, 70, 70, 70, 70, 70, 70, 70, 70, 70, 70, 71, 71, 70: 71 : 14 : 64
Crone : 71, 70, 71, 71, 69, 69, 69, 71, 69, 71, 71, 70, 71, 69: 71 : 14 : 64
Crone_Mod : 70, 70, 70, 70, 70, 70, 71, 70, 70, 69, 70, 70, 71, 71: 71 : 14 : 64
Pashkeev : 63, 63, 49, 58, 68, 65, 71, 78, 74, 78, 74, 81, 86, 74: 86 : 14 : 64
Pashkeev-Crone : 70, 70, 70, 70, 70, 70, 70, 70, 71, 70, 70, 71, 69, 71: 71 : 14 : 64
Pashkeev_Less : 63, 63, 61, 61, 60, 60, 80, 79, 78, 78, 76, 75, 74, 74: 80 : 14 : 64
Pashkeev_Less-Crone : 70, 70, 71, 71, 70, 71, 70, 70, 70, 69, 70, 69, 70, 71: 71 : 14 : 64
Pashkeev_Greater : 64, 64, 64, 64, 64, 63, 74, 74, 75, 75, 75, 75, 75, 76: 76 : 14 : 64
Pashkeev_Greater-Crone : 71, 69, 69, 69, 69, 71, 69, 71, 69, 71, 71, 71, 71, 71: 71 : 14 : 64
Critical_Path : 66, 67, 74, 66, 79, 64, 71, 74, 68, 68, 72, 73, 66, 66: 79 : 14 : 64
Critical_Path-Crone : 70, 70, 69, 70, 70, 69, 69, 69, 70, 70, 70, 70, 69, 69: 70 : 14 : 64
Critical_Path_Less : 77, 58, 60, 73, 77, 58, 75, 78, 62, 59, 81, 76, 78, 62: 81 : 14 : 64
Critical_Path_Less-Crone : 70, 70, 70, 69, 69, 69, 70, 69, 69, 70, 70, 70, 69, 70: 70 : 14 : 64
Critical_Path_Greater : 74, 64, 62, 80, 76, 62, 76, 73, 60, 62, 70, 78, 76, 61: 80 : 14 : 64
Critical_Path_Greater-Crone : 70, 70, 70, 69, 69, 70, 69, 69, 69, 69, 70, 71, 68, 71: 71 : 14 : 64
Crone : 70, 70, 69, 70, 68, 69, 70, 69, 70, 69, 69, 71, 70, 70: 71 : 14 : 64
Crone_Mod : 69, 69, 70, 70, 69, 70, 69, 69, 70, 70, 70, 70, 69, 70: 70 : 14 : 64
Pashkeev : 65, 72, 48, 65, 65, 64, 69, 71, 80, 75, 70, 82, 68, 80: 82 : 14 : 64
Pashkeev-Crone : 70, 70, 70, 69, 69, 70, 69, 70, 69, 70, 70, 69, 70, 69: 70 : 14 : 64
Pashkeev_Less : 62, 61, 61, 61, 60, 59, 79, 79, 77, 76, 76, 75, 74, 74: 79 : 14 : 64
Pashkeev_Less-Crone : 70, 70, 70, 70, 69, 70, 69, 69, 69, 69, 70, 70, 70, 69: 70 : 14 : 64
Pashkeev_Greater : 64, 65, 64, 63, 63, 63, 74, 74, 74, 74, 74, 74, 74, 74: 74 : 14 : 64
Pashkeev_Greater-Crone : 69, 70, 69, 69, 70, 70, 70, 70, 69, 70, 70, 69, 69, 70: 70 : 14 : 64
Critical_Path : 69, 72, 72, 63, 61, 62, 61, 63, 68, 70, 66, 62, 59, 70: 72 : 14 : 64
Critical_Path-Crone : 66, 66, 65, 65, 66, 66, 65, 66, 65, 66, 66, 65, 65, 66: 66 : 14 : 64
Critical_Path_Less : 70, 75, 57, 73, 70, 53, 69, 57, 58, 72, 74, 55, 58, 77: 77 : 14 : 64
Critical_Path_Less-Crone : 66, 66, 66, 65, 66, 65, 65, 66, 66, 65, 66, 65, 66, 65: 66 : 14 : 64
Critical_Path_Greater : 72, 70, 57, 70, 72, 63, 74, 57, 56, 72, 71, 59, 57, 68: 74 : 14 : 64
Critical_Path_Greater-Crone : 65, 65, 66, 65, 66, 66, 66, 65, 65, 66, 66, 65, 66, 66: 66 : 14 : 64
Crone : 65, 66, 66, 65, 66, 65, 67, 65, 64, 66, 67, 66, 66, 64: 67 : 14 : 64
Crone_Mod : 66, 66, 66, 65, 66, 65, 65, 65, 66, 66, 65, 66, 65, 66: 66 : 14 : 64
Pashkeev : 60, 56, 56, 59, 49, 48, 73, 84, 68, 74, 69, 64, 82, 76: 84 : 14 : 64
Pashkeev-Crone : 66, 66, 66, 65, 66, 66, 65, 65, 66, 65, 66, 65, 65, 66: 66 : 14 : 64
Pashkeev_Less : 59, 59, 59, 56, 56, 56, 75, 73, 73, 72, 71, 70, 70, 69: 75 : 14 : 64
Pashkeev_Less-Crone : 65, 66, 66, 66, 66, 66, 65, 65, 66, 65, 65, 65, 66, 66: 66 : 14 : 64
Pashkeev_Greater : 60, 59, 59, 61, 60, 60, 70, 69, 69, 70, 70, 70, 70, 71: 71 : 14 : 64
Pashkeev_Greater-Crone : 65, 65, 66, 65, 66, 65, 65, 66, 66, 66, 66, 66, 65, 66: 66 : 14 : 64
Critical_Path : 76, 71, 84, 76, 65, 67, 78, 68, 83, 64, 66, 65, 75, 78: 84 : 14 : 64
Critical_Path-Crone : 72, 73, 72, 73, 72, 72, 74, 71, 71, 73, 74, 72, 73, 74: 74 : 14 : 64
Critical_Path_Less : 77, 78, 79, 82, 61, 62, 98, 63, 83, 59, 62, 64, 66, 82: 98 : 14 : 64
Critical_Path_Less-Crone : 72, 73, 72, 73, 72, 72, 73, 73, 73, 72, 73, 73, 73, 72: 73 : 14 : 64
Critical_Path_Greater : 81, 80, 78, 75, 65, 66, 92, 65, 75, 69, 66, 65, 62, 77: 92 : 14 : 64
Critical_Path_Greater-Crone : 72, 73, 72, 73, 72, 73, 72, 72, 73, 73, 73, 72, 73, 73: 73 : 14 : 64
Crone : 73, 72, 73, 73, 73, 73, 73, 72, 72, 71, 73, 73, 73, 72: 73 : 14 : 64
Crone_Mod : 73, 73, 73, 73, 72, 72, 72, 72, 72, 73, 73, 72, 73, 73: 73 : 14 : 64
Pashkeev : 65, 53, 55, 73, 68, 53, 91, 82, 82, 76, 87, 72, 80, 79: 91 : 14 : 64
Pashkeev-Crone : 73, 72, 73, 73, 73, 73, 72, 72, 73, 73, 72, 72, 73, 72: 73 : 14 : 64
Pashkeev_Less : 66, 66, 64, 63, 62, 62, 82, 82, 81, 80, 79, 77, 76, 76: 82 : 14 : 64
Pashkeev_Less-Crone : 73, 73, 72, 73, 72, 72, 73, 72, 73, 73, 72, 73, 73, 72: 73 : 14 : 64
Pashkeev_Greater : 66, 66, 65, 66, 67, 67, 76, 76, 76, 78, 78, 79, 78, 78: 79 : 14 : 64
Pashkeev_Greater-Crone : 73, 73, 73, 71, 71, 73, 71, 73, 72, 73, 71, 74, 74, 74: 74 : 14 : 64
Critical_Path : 68, 63, 62, 64, 73, 77, 71, 68, 75, 68, 64, 72, 61, 74: 77 : 14 : 64
Critical_Path-Crone : 68, 68, 69, 69, 69, 68, 69, 68, 68, 68, 69, 69, 70, 68: 70 : 14 : 64
Critical_Path_Less : 59, 59, 58, 55, 75, 78, 76, 61, 80, 76, 73, 75, 57, 78: 80 : 14 : 64
Critical_Path_Less-Crone : 69, 69, 69, 69, 68, 68, 68, 69, 69, 68, 68, 69, 68, 69: 69 : 14 : 64
Critical_Path_Greater : 61, 61, 63, 65, 75, 72, 74, 59, 70, 74, 76, 75, 63, 72: 76 : 14 : 64
Critical_Path_Greater-Crone : 69, 69, 68, 68, 68, 68, 68, 69, 69, 69, 69, 69, 68, 69: 69 : 14 : 64
Crone : 69, 69, 68, 69, 69, 69, 69, 68, 69, 68, 68, 68, 68, 69: 69 : 14 : 64
Crone_Mod : 69, 69, 69, 68, 69, 68, 68, 69, 68, 68, 68, 69, 69, 69: 69 : 14 : 64
Pashkeev : 66, 59, 47, 58, 56, 62, 75, 79, 70, 78, 77, 78, 83, 72: 83 : 14 : 64
Pashkeev-Crone : 69, 69, 68, 69, 69, 68, 69, 69, 68, 69, 68, 68, 68, 69: 69 : 14 : 64
Pashkeev_Less : 62, 61, 60, 59, 59, 59, 77, 76, 76, 76, 74, 74, 74, 73: 77 : 14 : 64
Pashkeev_Less-Crone : 68, 69, 69, 69, 68, 69, 69, 68, 69, 69, 68, 68, 68, 69: 69 : 14 : 64
Pashkeev_Greater : 63, 63, 63, 63, 62, 63, 74, 73, 73, 73, 73, 72, 72, 73: 74 : 14 : 64
Pashkeev_Greater-Crone : 69, 69, 69, 69, 68, 68, 68, 68, 69, 69, 69, 68, 68, 69: 69 : 14 : 64
Critical_Path : 65, 73, 60, 61, 76, 75, 62, 68, 70, 65, 65, 68, 69, 70: 76 : 14 : 64
Critical_Path-Crone : 68, 67, 68, 67, 68, 68, 68, 68, 67, 67, 67, 68, 68, 68: 68 : 14 : 64
Critical_Path_Less : 59, 74, 57, 56, 76, 60, 76, 73, 74, 57, 74, 60, 77, 74: 77 : 14 : 64
Critical_Path_Less-Crone : 68, 68, 68, 68, 68, 68, 67, 67, 67, 67, 68, 67, 68, 68: 68 : 14 : 64
Critical_Path_Greater : 60, 75, 63, 62, 73, 59, 71, 74, 73, 63, 74, 58, 70, 72: 75 : 14 : 64
Critical_Path_Greater-Crone : 66, 69, 69, 69, 67, 67, 69, 67, 67, 69, 66, 68, 66, 68: 69 : 14 : 64
Crone : 67, 68, 68, 67, 68, 68, 67, 68, 67, 67, 68, 68, 68, 68: 68 : 14 : 64
Crone_Mod : 68, 68, 68, 67, 67, 68, 67, 68, 68, 67, 68, 68, 67, 68: 68 : 14 : 64
Pashkeev : 69, 81, 77, 70, 65, 73, 74, 74, 55, 59, 51, 70, 57, 72: 81 : 14 : 64
Pashkeev-Crone : 69, 67, 67, 68, 67, 69, 67, 67, 68, 68, 68, 68, 67, 67: 69 : 14 : 64
Pashkeev_Less : 61, 61, 60, 60, 58, 56, 76, 76, 76, 75, 73, 72, 72, 71: 76 : 14 : 64
Pashkeev_Less-Crone : 68, 68, 67, 67, 68, 67, 67, 68, 67, 68, 68, 68, 68, 68: 68 : 14 : 64
Pashkeev_Greater : 62, 63, 64, 64, 63, 62, 72, 71, 71, 71, 71, 72, 71, 70: 72 : 14 : 64
Pashkeev_Greater-Crone : 68, 68, 68, 67, 67, 67, 68, 68, 68, 68, 67, 67, 68, 68: 68 : 14 : 64
Critical_Path : 65, 71, 65, 65, 72, 63, 76, 66, 68, 69, 73, 68, 58, 62: 76 : 14 : 64
Critical_Path-Crone : 67, 68, 68, 66, 68, 67, 66, 66, 68, 68, 68, 68, 66, 67: 68 : 14 : 64
Critical_Path_Less : 73, 72, 54, 59, 74, 60, 76, 59, 60, 78, 72, 75, 73, 56: 78 : 14 : 64
Critical_Path_Less-Crone : 67, 67, 67, 67, 68, 67, 68, 67, 67, 67, 68, 67, 67, 67: 68 : 14 : 64
Critical_Path_Greater : 74, 75, 63, 60, 73, 59, 71, 59, 59, 70, 74, 72, 73, 59: 75 : 14 : 64
Critical_Path_Greater-Crone : 67, 67, 67, 67, 67, 67, 67, 68, 67, 67, 67, 68, 67, 68: 68 : 14 : 64
Crone : 67, 67, 67, 67, 67, 67, 67, 68, 68, 68, 67, 66, 68, 67: 68 : 14 : 64
Crone_Mod : 67, 67, 67, 67, 68, 68, 67, 67, 68, 67, 68, 66, 67, 67: 68 : 14 : 64
Pashkeev : 61, 57, 62, 64, 48, 60, 80, 77, 81, 73, 58, 65, 75, 80: 81 : 14 : 64
Pashkeev-Crone : 69, 70, 65, 70, 67, 65, 65, 66, 65, 70, 71, 65, 66, 67: 71 : 14 : 64
Pashkeev_Less : 60, 59, 59, 58, 58, 57, 76, 76, 76, 74, 73, 72, 72, 71: 76 : 14 : 64
Pashkeev_Less-Crone : 67, 67, 67, 67, 67, 67, 67, 67, 68, 68, 67, 67, 67, 68: 68 : 14 : 64
Pashkeev_Greater : 62, 63, 63, 62, 61, 62, 72, 71, 70, 71, 71, 71, 71, 71: 72 : 14 : 64
Pashkeev_Greater-Crone : 67, 67, 67, 67, 67, 68, 67, 67, 67, 67, 67, 68, 67, 68: 68 : 14 : 64
Critical_Path : 70, 68, 67, 70, 70, 70, 62, 72, 68, 74, 62, 69, 66, 65: 74 : 14 : 64
Critical_Path-Crone : 69, 68, 67, 68, 69, 68, 68, 68, 68, 69, 67, 69, 68, 67: 69 : 14 : 64
Critical_Path_Less : 74, 58, 73, 75, 58, 76, 55, 59, 79, 94, 58, 77, 59, 58: 94 : 14 : 64
Critical_Path_Less-Crone : 68, 68, 68, 68, 68, 68, 68, 69, 68, 67, 68, 67, 69, 69: 69 : 14 : 64
Critical_Path_Greater : 75, 61, 76, 73, 60, 73, 62, 59, 69, 87, 63, 74, 61, 60: 87 : 14 : 64
Critical_Path_Greater-Crone : 68, 68, 68, 68, 68, 68, 68, 68, 68, 68, 68, 68, 69, 68: 69 : 14 : 64
Crone : 68, 68, 68, 68, 68, 68, 68, 68, 68, 68, 68, 68, 69, 68: 69 : 14 : 64
Crone_Mod : 68, 68, 68, 68, 68, 68, 68, 69, 68, 68, 68, 68, 68, 68: 69 : 14 : 64
Pashkeev : 65, 58, 63, 59, 50, 58, 86, 67, 64, 83, 69, 75, 80, 76: 86 : 14 : 64
Pashkeev-Crone : 68, 68, 68, 68, 68, 68, 68, 68, 68, 68, 68, 69, 68, 68: 69 : 14 : 64
Pashkeev_Less : 61, 60, 60, 60, 59, 57, 77, 77, 76, 75, 74, 73, 72, 72: 77 : 14 : 64
Pashkeev_Less-Crone : 69, 68, 69, 67, 67, 68, 69, 69, 67, 69, 69, 67, 67, 68: 69 : 14 : 64
Pashkeev_Greater : 62, 62, 62, 62, 61, 62, 72, 72, 72, 73, 73, 74, 74, 72: 74 : 14 : 64
Pashkeev_Greater-Crone : 68, 68, 68, 68, 68, 68, 68, 68, 68, 68, 68, 69, 69, 67: 69 : 14 : 64
Critical_Path : 73, 66, 66, 70, 82, 67, 65, 67, 68, 65, 68, 72, 64, 64: 82 : 14 : 64
Critical_Path-Crone : 68, 70, 67, 70, 68, 67, 70, 67, 68, 68, 68, 68, 68, 70: 70 : 14 : 64
Critical_Path_Less : 77, 56, 72, 79, 96, 60, 55, 55, 74, 62, 76, 79, 60, 56: 96 : 14 : 64
Critical_Path_Less-Crone : 68, 69, 68, 69, 67, 69, 68, 69, 68, 70, 68, 68, 69, 67: 70 : 14 : 64
Critical_Path_Greater : 73, 63, 77, 71, 83, 59, 64, 65, 76, 60, 75, 70, 60, 61: 83 : 14 : 64
Critical_Path_Greater-Crone : 69, 69, 68, 69, 68, 69, 68, 68, 69, 69, 67, 68, 69, 67: 69 : 14 : 64
Crone : 68, 69, 69, 68, 68, 69, 69, 68, 68, 67, 68, 69, 69, 68: 69 : 14 : 64
Crone_Mod : 68, 68, 69, 69, 68, 69, 69, 68, 68, 68, 68, 68, 69, 68: 69 : 14 : 64
Pashkeev : 59, 64, 49, 62, 75, 65, 80, 87, 67, 66, 74, 64, 71, 74: 87 : 14 : 64
Pashkeev-Crone : 69, 67, 68, 69, 68, 70, 67, 70, 67, 67, 70, 67, 71, 67: 71 : 14 : 64
Pashkeev_Less : 61, 61, 61, 60, 59, 57, 76, 76, 76, 75, 74, 74, 74, 73: 76 : 14 : 64
Pashkeev_Less-Crone : 68, 68, 68, 68, 69, 68, 69, 69, 68, 69, 68, 69, 68, 68: 69 : 14 : 64
Pashkeev_Greater : 62, 62, 63, 62, 62, 62, 73, 74, 73, 73, 74, 73, 73, 71: 74 : 14 : 64
Pashkeev_Greater-Crone : 68, 68, 68, 68, 69, 69, 69, 68, 69, 69, 68, 69, 68, 67: 69 : 14 : 64
Critical_Path : 69, 68, 66, 66, 76, 69, 63, 60, 73, 79, 73, 62, 69, 64: 79 : 14 : 64
Critical_Path-Crone : 69, 68, 66, 66, 66, 69, 65, 70, 69, 67, 72, 73, 69, 68: 73 : 14 : 64
Critical_Path_Less : 75, 59, 56, 57, 76, 78, 60, 58, 75, 78, 76, 75, 75, 59: 78 : 14 : 64
Critical_Path_Less-Crone : 68, 68, 68, 68, 69, 68, 68, 69, 68, 68, 68, 69, 69, 69: 69 : 14 : 64
Critical_Path_Greater : 75, 61, 64, 63, 74, 72, 60, 60, 74, 72, 74, 73, 75, 60: 75 : 14 : 64
Critical_Path_Greater-Crone : 68, 68, 69, 68, 68, 69, 68, 68, 69, 68, 68, 69, 69, 68: 69 : 14 : 64
Crone : 68, 68, 68, 69, 69, 68, 68, 68, 68, 69, 68, 68, 69, 69: 69 : 14 : 64
Crone_Mod : 68, 68, 68, 69, 69, 69, 68, 69, 68, 68, 69, 68, 68, 68: 69 : 14 : 64
Pashkeev : 65, 53, 56, 52, 64, 56, 80, 81, 81, 73, 80, 76, 74, 66: 81 : 14 : 64
Pashkeev-Crone : 68, 68, 68, 69, 69, 68, 68, 69, 68, 68, 69, 69, 68, 68: 69 : 14 : 64
Pashkeev_Less : 62, 61, 60, 59, 59, 58, 77, 76, 76, 75, 74, 74, 73, 73: 77 : 14 : 64
Pashkeev_Less-Crone : 68, 68, 68, 69, 68, 69, 69, 69, 69, 68, 68, 68, 68, 68: 69 : 14 : 64
Pashkeev_Greater : 63, 62, 62, 63, 63, 63, 73, 73, 73, 72, 72, 73, 73, 72: 73 : 14 : 64
Pashkeev_Greater-Crone : 68, 68, 68, 68, 68, 68, 69, 68, 69, 69, 68, 69, 68, 69: 69 : 14 : 64
Critical_Path : 73, 66, 63, 68, 70, 71, 65, 73, 80, 61, 62, 62, 74, 72: 80 : 14 : 64
Critical_Path-Crone : 68, 68, 68, 68, 69, 69, 69, 69, 68, 69, 68, 70, 69, 68: 70 : 14 : 64
Critical_Path_Less : 61, 59, 72, 58, 59, 76, 59, 75, 80, 74, 59, 74, 77, 77: 80 : 14 : 64
Critical_Path_Less-Crone : 69, 69, 69, 69, 69, 69, 69, 68, 69, 68, 69, 69, 67, 67: 69 : 14 : 64
Critical_Path_Greater : 60, 62, 79, 62, 62, 73, 60, 74, 71, 75, 59, 77, 74, 72: 79 : 14 : 64
Critical_Path_Greater-Crone : 69, 69, 68, 69, 69, 68, 68, 68, 69, 69, 69, 69, 68, 68: 69 : 14 : 64
Crone : 68, 69, 69, 68, 69, 67, 67, 69, 68, 68, 68, 70, 70, 70: 70 : 14 : 64
Crone_Mod : 69, 68, 69, 69, 69, 69, 68, 68, 68, 69, 69, 68, 69, 68: 69 : 14 : 64
Pashkeev : 63, 57, 64, 80, 79, 78, 69, 85, 66, 66, 60, 58, 71, 64: 85 : 14 : 64
Pashkeev-Crone : 70, 69, 68, 69, 67, 68, 69, 67, 68, 68, 70, 69, 69, 69: 70 : 14 : 64
Pashkeev_Less : 61, 60, 60, 60, 60, 58, 77, 77, 76, 76, 75, 74, 73, 73: 77 : 14 : 64
Pashkeev_Less-Crone : 69, 69, 69, 69, 68, 68, 68, 68, 69, 68, 68, 69, 69, 69: 69 : 14 : 64
Pashkeev_Greater : 63, 63, 63, 63, 62, 62, 73, 73, 73, 73, 73, 73, 74, 72: 74 : 14 : 64
Pashkeev_Greater-Crone : 69, 69, 68, 68, 69, 70, 67, 69, 68, 68, 68, 69, 68, 70: 70 : 14 : 64
Critical_Path : 65, 76, 80, 77, 62, 66, 62, 63, 63, 65, 65, 72, 67, 70: 80 : 14 : 64
Critical_Path-Crone : 68, 68, 68, 68, 68, 68, 68, 68, 68, 68, 68, 69, 68, 68: 69 : 14 : 64
Critical_Path_Less : 57, 75, 77, 76, 57, 57, 73, 59, 58, 74, 77, 74, 61, 78: 78 : 14 : 64
Critical_Path_Less-Crone : 68, 68, 68, 67, 67, 69, 69, 69, 68, 67, 68, 69, 69, 67: 69 : 14 : 64
Critical_Path_Greater : 63, 74, 73, 73, 62, 61, 75, 59, 62, 75, 72, 74, 59, 71: 75 : 14 : 64
Critical_Path_Greater-Crone : 68, 68, 69, 68, 67, 67, 70, 69, 69, 67, 68, 66, 68, 69: 70 : 14 : 64
Crone : 67, 67, 68, 69, 68, 69, 67, 69, 68, 68, 69, 68, 69, 67: 69 : 14 : 64
Crone_Mod : 68, 68, 68, 68, 68, 68, 68, 68, 68, 68, 69, 68, 68, 68: 69 : 14 : 64
Pashkeev : 57, 69, 48, 68, 67, 60, 84, 71, 77, 82, 81, 67, 57, 65: 84 : 14 : 64
Pashkeev-Crone : 68, 68, 69, 68, 68, 69, 68, 69, 68, 69, 68, 67, 67, 67: 69 : 14 : 64
Pashkeev_Less : 62, 60, 60, 60, 59, 58, 77, 77, 76, 74, 74, 72, 72, 72: 77 : 14 : 64
Pashkeev_Less-Crone : 68, 68, 68, 68, 68, 68, 68, 68, 68, 68, 68, 69, 69, 67: 69 : 14 : 64
Pashkeev_Greater : 63, 63, 63, 62, 62, 62, 72, 72, 72, 72, 72, 73, 73, 72: 73 : 14 : 64
Pashkeev_Greater-Crone : 68, 68, 68, 68, 68, 68, 68, 68, 68, 68, 68, 68, 68, 69: 69 : 14 : 64
Critical_Path : 78, 63, 64, 70, 64, 80, 73, 66, 69, 73, 73, 65, 69, 61: 80 : 14 : 64
Critical_Path-Crone : 70, 69, 69, 70, 69, 68, 70, 69, 69, 68, 70, 68, 69, 70: 70 : 14 : 64
Critical_Path_Less : 76, 72, 73, 76, 57, 80, 62, 61, 60, 78, 75, 78, 60, 60: 80 : 14 : 64
Critical_Path_Less-Crone : 69, 69, 69, 69, 69, 69, 69, 69, 70, 70, 68, 70, 68, 70: 70 : 14 : 64
Critical_Path_Greater : 75, 82, 78, 74, 64, 71, 59, 61, 60, 72, 75, 74, 62, 61: 82 : 14 : 64
Critical_Path_Greater-Crone : 69, 69, 69, 69, 69, 70, 69, 69, 69, 69, 69, 69, 69, 70: 70 : 14 : 64
Crone : 69, 69, 69, 69, 70, 70, 69, 69, 70, 69, 68, 69, 70, 68: 70 : 14 : 64
Crone_Mod : 69, 69, 69, 70, 69, 69, 69, 69, 69, 69, 70, 69, 69, 69: 70 : 14 : 64
Pashkeev : 58, 51, 61, 73, 57, 61, 90, 77, 71, 87, 67, 76, 77, 62: 90 : 14 : 64
Pashkeev-Crone : 69, 69, 69, 69, 70, 69, 70, 69, 70, 69, 69, 69, 69, 68: 70 : 14 : 64
Pashkeev_Less : 63, 62, 60, 60, 60, 59, 79, 78, 76, 76, 75, 74, 73, 73: 79 : 14 : 64
Pashkeev_Less-Crone : 69, 69, 69, 69, 69, 70, 69, 69, 69, 69, 69, 69, 70, 69: 70 : 14 : 64
Pashkeev_Greater : 64, 64, 64, 64, 63, 63, 73, 73, 74, 74, 72, 72, 74, 74: 74 : 14 : 64
Pashkeev_Greater-Crone : 71, 67, 69, 69, 68, 68, 71, 71, 67, 69, 71, 71, 67, 69: 71 : 14 : 64
Critical_Path : 73, 63, 62, 64, 69, 70, 59, 64, 77, 75, 61, 69, 69, 74: 77 : 14 : 64
Critical_Path-Crone : 67, 68, 67, 68, 68, 67, 68, 68, 67, 67, 67, 69, 69, 69: 69 : 14 : 64
Critical_Path_Less : 76, 58, 55, 59, 61, 60, 56, 74, 80, 73, 57, 91, 73, 76: 91 : 14 : 64
Critical_Path_Less-Crone : 67, 68, 67, 68, 68, 69, 67, 67, 69, 66, 69, 68, 68, 68: 69 : 14 : 64
Critical_Path_Greater : 72, 61, 63, 61, 59, 61, 62, 72, 69, 73, 63, 87, 74, 72: 87 : 14 : 64
Critical_Path_Greater-Crone : 68, 68, 68, 67, 68, 68, 68, 67, 67, 68, 68, 68, 68, 68: 68 : 14 : 64
Crone : 68, 68, 68, 68, 68, 68, 68, 68, 68, 68, 67, 68, 67, 67: 68 : 14 : 64
Crone_Mod : 68, 68, 68, 68, 68, 68, 68, 68, 67, 68, 67, 67, 68, 68: 68 : 14 : 64
Pashkeev : 59, 71, 51, 58, 59, 67, 70, 64, 82, 73, 74, 85, 61, 75: 85 : 14 : 64
Pashkeev-Crone : 67, 69, 69, 68, 66, 67, 69, 66, 66, 70, 69, 67, 70, 66: 70 : 14 : 64
Pashkeev_Less : 60, 60, 60, 60, 59, 58, 77, 77, 76, 75, 73, 72, 72, 70: 77 : 14 : 64
Pashkeev_Less-Crone : 67, 67, 69, 68, 68, 69, 69, 67, 67, 68, 68, 66, 67, 69: 69 : 14 : 64
Pashkeev_Greater : 63, 63, 63, 62, 62, 62, 72, 70, 70, 71, 73, 73, 73, 72: 73 : 14 : 64
Pashkeev_Greater-Crone : 68, 68, 67, 67, 67, 67, 67, 68, 68, 68, 68, 69, 69, 68: 69 : 14 : 64
Critical_Path : 75, 73, 62, 67, 74, 71, 72, 74, 63, 72, 73, 59, 68, 62: 75 : 14 : 64
Critical_Path-Crone : 69, 69, 69, 69, 69, 69, 69, 69, 69, 69, 68, 69, 68, 70: 70 : 14 : 64
Critical_Path_Less : 60, 76, 55, 73, 76, 76, 77, 78, 59, 79, 76, 56, 62, 62: 79 : 14 : 64
Critical_Path_Less-Crone : 69, 69, 69, 69, 69, 69, 69, 69, 69, 68, 69, 68, 69, 70: 70 : 14 : 64
Critical_Path_Greater : 61, 75, 65, 77, 74, 76, 74, 72, 61, 72, 76, 64, 60, 58: 77 : 14 : 64
Critical_Path_Greater-Crone : 69, 69, 68, 69, 68, 69, 69, 70, 69, 68, 70, 68, 70, 69: 70 : 14 : 64
Crone : 69, 69, 69, 69, 69, 69, 69, 69, 70, 68, 68, 69, 70, 68: 70 : 14 : 64
Crone_Mod : 69, 69, 69, 69, 69, 69, 69, 69, 69, 69, 69, 68, 70, 68: 70 : 14 : 64
Pashkeev : 62, 66, 64, 54, 61, 52, 75, 69, 73, 80, 71, 77, 81, 80: 81 : 14 : 64
Pashkeev-Crone : 69, 69, 68, 69, 68, 68, 70, 69, 70, 70, 70, 68, 69, 68: 70 : 14 : 64
Pashkeev_Less : 62, 62, 62, 60, 59, 58, 78, 77, 76, 75, 75, 74, 74, 73: 78 : 14 : 64
Pashkeev_Less-Crone : 69, 69, 69, 69, 69, 69, 69, 69, 70, 69, 68, 68, 68, 70: 70 : 14 : 64
Pashkeev_Greater : 64, 64, 63, 64, 64, 63, 73, 74, 73, 73, 73, 73, 72, 72: 74 : 14 : 64
Pashkeev_Greater-Crone : 69, 69, 69, 69, 69, 69, 69, 68, 69, 69, 69, 69, 69, 69: 69 : 14 : 64
Critical_Path : 65, 71, 69, 64, 71, 61, 69, 59, 72, 72, 69, 61, 64, 62: 72 : 14 : 64
Critical_Path-Crone : 65, 67, 68, 65, 68, 67, 66, 68, 68, 66, 65, 68, 64, 64: 68 : 14 : 64
Critical_Path_Less : 55, 72, 56, 55, 73, 71, 74, 56, 77, 76, 72, 74, 58, 60: 77 : 14 : 64
Critical_Path_Less-Crone : 66, 66, 66, 66, 67, 66, 67, 66, 66, 66, 67, 66, 67, 67: 67 : 14 : 64
Critical_Path_Greater : 60, 74, 60, 62, 73, 73, 71, 59, 69, 70, 72, 70, 58, 58: 74 : 14 : 64
Critical_Path_Greater-Crone : 67, 67, 67, 67, 66, 65, 65, 66, 66, 67, 67, 67, 65, 67: 67 : 14 : 64
Crone : 69, 65, 63, 65, 66, 67, 68, 68, 68, 65, 67, 65, 67, 66: 69 : 14 : 64
Crone_Mod : 66, 66, 66, 66, 66, 67, 66, 67, 67, 66, 66, 67, 66, 67: 67 : 14 : 64
Pashkeev : 56, 50, 60, 62, 62, 56, 73, 69, 81, 76, 76, 70, 64, 74: 81 : 14 : 64
Pashkeev-Crone : 66, 66, 66, 67, 67, 66, 67, 66, 67, 66, 66, 67, 66, 66: 67 : 14 : 64
Pashkeev_Less : 60, 60, 60, 57, 57, 57, 74, 74, 73, 73, 72, 71, 71, 70: 74 : 14 : 64
Pashkeev_Less-Crone : 66, 66, 66, 66, 67, 67, 66, 67, 67, 67, 66, 65, 66, 67: 67 : 14 : 64
Pashkeev_Greater : 61, 61, 60, 62, 61, 60, 70, 71, 71, 71, 71, 70, 70, 70: 71 : 14 : 64
Pashkeev_Greater-Crone : 66, 66, 66, 65, 67, 67, 67, 67, 67, 65, 65, 67, 67, 67: 67 : 14 : 64
Critical_Path : 76, 64, 71, 65, 72, 67, 73, 72, 81, 66, 71, 66, 78, 80: 81 : 14 : 64
Critical_Path-Crone : 72, 72, 71, 72, 72, 71, 71, 72, 71, 72, 71, 71, 71, 73: 73 : 14 : 64
Critical_Path_Less : 79, 74, 76, 59, 63, 60, 78, 79, 79, 62, 83, 63, 65, 82: 83 : 14 : 64
Critical_Path_Less-Crone : 72, 72, 71, 71, 71, 72, 72, 72, 71, 72, 71, 71, 72, 72: 72 : 14 : 64
Critical_Path_Greater : 76, 83, 81, 66, 61, 66, 77, 76, 77, 64, 75, 64, 60, 76: 83 : 14 : 64
Critical_Path_Greater-Crone : 72, 72, 71, 71, 72, 72, 71, 72, 71, 71, 71, 71, 73, 72: 73 : 14 : 64
Crone : 71, 71, 71, 72, 71, 72, 72, 72, 72, 72, 72, 71, 71, 72: 72 : 14 : 64
Crone_Mod : 72, 72, 71, 72, 71, 71, 71, 71, 72, 72, 72, 72, 71, 72: 72 : 14 : 64
Pashkeev : 65, 64, 55, 62, 61, 66, 72, 82, 86, 84, 82, 71, 75, 77: 86 : 14 : 64
Pashkeev-Crone : 72, 72, 72, 72, 71, 72, 72, 71, 71, 72, 71, 71, 71, 72: 72 : 14 : 64
Pashkeev_Less : 65, 63, 63, 63, 63, 62, 81, 79, 78, 78, 78, 77, 76, 76: 81 : 14 : 64
Pashkeev_Less-Crone : 72, 72, 71, 72, 71, 71, 71, 71, 72, 72, 72, 72, 71, 72: 72 : 14 : 64
Pashkeev_Greater : 66, 65, 65, 65, 65, 66, 76, 76, 76, 76, 76, 76, 77, 77: 77 : 14 : 64
Pashkeev_Greater-Crone : 69, 71, 73, 72, 70, 71, 73, 73, 73, 71, 72, 72, 71, 71: 73 : 14 : 64
Critical_Path : 65, 72, 76, 64, 63, 60, 74, 75, 66, 68, 72, 75, 65, 69: 76 : 14 : 64
Critical_Path-Crone : 69, 69, 69, 70, 69, 69, 69, 69, 69, 68, 69, 68, 68, 69: 70 : 14 : 64
Critical_Path_Less : 59, 74, 75, 56, 77, 59, 77, 76, 77, 58, 76, 79, 59, 62: 79 : 14 : 64
Critical_Path_Less-Crone : 69, 69, 68, 69, 69, 69, 69, 69, 69, 68, 69, 68, 69, 70: 70 : 14 : 64
Critical_Path_Greater : 62, 77, 76, 66, 74, 63, 74, 74, 74, 60, 74, 71, 60, 59: 77 : 14 : 64
Critical_Path_Greater-Crone : 69, 69, 70, 68, 68, 70, 70, 68, 70, 70, 67, 68, 70, 67: 70 : 14 : 64
Crone : 69, 69, 69, 69, 69, 68, 69, 69, 68, 68, 69, 68, 70, 70: 70 : 14 : 64
Crone_Mod : 69, 69, 69, 69, 69, 69, 69, 69, 69, 69, 68, 69, 69, 68: 69 : 14 : 64
Pashkeev : 68, 58, 48, 57, 57, 61, 86, 66, 83, 74, 74, 78, 81, 73: 86 : 14 : 64
Pashkeev-Crone : 69, 69, 68, 68, 69, 69, 69, 70, 69, 69, 70, 68, 68, 69: 70 : 14 : 64
Pashkeev_Less : 63, 62, 61, 59, 58, 58, 77, 77, 76, 76, 76, 75, 73, 73: 77 : 14 : 64
Pashkeev_Less-Crone : 69, 69, 69, 69, 69, 69, 69, 69, 69, 68, 68, 69, 69, 69: 69 : 14 : 64
Pashkeev_Greater : 63, 63, 63, 64, 65, 65, 73, 73, 73, 73, 73, 72, 72, 72: 73 : 14 : 64
Pashkeev_Greater-Crone : 69, 69, 69, 69, 69, 69, 69, 69, 69, 69, 69, 69, 68, 68: 69 : 14 : 64
Critical_Path : 62, 70, 59, 71, 74, 72, 63, 68, 69, 70, 65, 62, 68, 65: 74 : 14 : 64
Critical_Path-Crone : 67, 66, 66, 67, 67, 67, 67, 68, 67, 67, 68, 67, 68, 66: 68 : 14 : 64
Critical_Path_Less : 57, 72, 71, 58, 72, 78, 57, 74, 73, 75, 58, 60, 74, 59: 78 : 14 : 64
Critical_Path_Less-Crone : 67, 67, 67, 67, 67, 67, 67, 67, 67, 67, 67, 67, 67, 67: 67 : 14 : 64
Critical_Path_Greater : 60, 74, 75, 59, 76, 69, 61, 73, 73, 71, 60, 58, 71, 58: 76 : 14 : 64
Critical_Path_Greater-Crone : 67, 68, 66, 66, 68, 68, 68, 67, 66, 68, 67, 66, 67, 66: 68 : 14 : 64
Crone : 67, 67, 66, 66, 68, 66, 66, 68, 66, 68, 67, 68, 67, 68: 68 : 14 : 64
Crone_Mod : 67, 67, 67, 67, 67, 67, 66, 67, 67, 67, 68, 67, 67, 67: 68 : 14 : 64
Pashkeev : 61, 60, 56, 70, 62, 58, 80, 69, 67, 70, 70, 69, 72, 74: 80 : 14 : 64
Pashkeev-Crone : 67, 67, 67, 67, 67, 66, 67, 68, 67, 68, 67, 66, 68, 66: 68 : 14 : 64
Pashkeev_Less : 60, 60, 60, 57, 57, 57, 77, 75, 75, 73, 73, 72, 71, 71: 77 : 14 : 64
Pashkeev_Less-Crone : 67, 68, 67, 67, 67, 67, 67, 66, 68, 67, 67, 66, 67, 67: 68 : 14 : 64
Pashkeev_Greater : 62, 60, 60, 61, 61, 61, 71, 71, 71, 72, 72, 72, 72, 72: 72 : 14 : 64
Pashkeev_Greater-Crone : 65, 68, 70, 70, 68, 68, 68, 68, 68, 65, 65, 65, 65, 65: 70 : 14 : 64
Critical_Path : 79, 68, 76, 67, 78, 69, 64, 64, 79, 69, 69, 66, 65, 68: 79 : 14 : 64
Critical_Path-Crone : 70, 71, 72, 71, 70, 70, 70, 71, 70, 69, 69, 69, 69, 70: 72 : 14 : 64
Critical_Path_Less : 79, 74, 93, 62, 78, 75, 58, 57, 80, 59, 78, 64, 60, 64: 93 : 14 : 64
Critical_Path_Less-Crone : 70, 70, 70, 70, 70, 70, 71, 70, 70, 70, 70, 70, 70, 70: 71 : 14 : 64
Critical_Path_Greater : 72, 79, 93, 62, 76, 78, 65, 66, 74, 61, 74, 59, 63, 59: 93 : 14 : 64
Critical_Path_Greater-Crone : 70, 69, 70, 71, 71, 70, 70, 70, 70, 71, 71, 69, 70, 69: 71 : 14 : 64
Crone : 70, 70, 71, 70, 70, 70, 71, 71, 69, 69, 70, 70, 70, 70: 71 : 14 : 64
Crone_Mod : 70, 70, 70, 70, 70, 70, 70, 70, 70, 70, 70, 71, 70, 70: 71 : 14 : 64
Pashkeev : 68, 71, 66, 59, 61, 62, 77, 77, 71, 82, 88, 62, 61, 76: 88 : 14 : 64
Pashkeev-Crone : 68, 71, 72, 68, 72, 68, 68, 68, 71, 70, 69, 70, 73, 73: 73 : 14 : 64
Pashkeev_Less : 63, 62, 61, 61, 59, 59, 79, 79, 77, 77, 77, 76, 76, 75: 79 : 14 : 64
Pashkeev_Less-Crone : 70, 70, 70, 70, 70, 70, 70, 71, 70, 70, 71, 70, 70, 69: 71 : 14 : 64
Pashkeev_Greater : 64, 64, 64, 64, 64, 65, 76, 75, 74, 75, 74, 74, 74, 74: 76 : 14 : 64
Pashkeev_Greater-Crone : 70, 70, 69, 70, 69, 69, 69, 72, 72, 69, 71, 71, 71, 69: 72 : 14 : 64
Critical_Path : 74, 64, 76, 60, 65, 68, 62, 60, 68, 71, 58, 65, 59, 68: 76 : 14 : 64
Critical_Path-Crone : 66, 66, 66, 66, 65, 66, 65, 66, 67, 65, 65, 65, 65, 65: 67 : 14 : 64
Critical_Path_Less : 74, 73, 74, 55, 57, 74, 54, 56, 75, 71, 53, 58, 71, 73: 75 : 14 : 64
Critical_Path_Less-Crone : 66, 66, 66, 66, 66, 65, 65, 66, 65, 65, 65, 66, 66, 65: 66 : 14 : 64
Critical_Path_Greater : 71, 71, 71, 59, 57, 71, 61, 58, 68, 73, 61, 57, 71, 69: 73 : 14 : 64
Critical_Path_Greater-Crone : 65, 66, 65, 66, 66, 65, 65, 65, 66, 66, 65, 66, 66, 66: 66 : 14 : 64
Crone : 65, 66, 65, 66, 66, 67, 65, 64, 65, 64, 67, 66, 67, 65: 67 : 14 : 64
Crone_Mod : 65, 65, 66, 66, 65, 66, 65, 66, 65, 65, 66, 66, 66, 66: 66 : 14 : 64
Pashkeev : 58, 57, 59, 57, 64, 57, 65, 69, 81, 70, 59, 80, 66, 76: 81 : 14 : 64
Pashkeev-Crone : 65, 65, 65, 65, 66, 65, 65, 66, 65, 66, 67, 67, 66, 65: 67 : 14 : 64
Pashkeev_Less : 58, 57, 57, 57, 57, 55, 75, 74, 73, 72, 71, 71, 71, 70: 75 : 14 : 64
Pashkeev_Less-Crone : 66, 66, 66, 66, 66, 65, 65, 66, 65, 66, 65, 65, 65, 66: 66 : 14 : 64
Pashkeev_Greater : 61, 61, 60, 59, 59, 60, 70, 71, 69, 69, 70, 70, 70, 69: 71 : 14 : 64
Pashkeev_Greater-Crone : 66, 65, 66, 65, 65, 66, 66, 65, 65, 66, 66, 65, 66, 66: 66 : 14 : 64
Critical_Path : 73, 73, 81, 74, 78, 75, 68, 66, 67, 72, 79, 64, 68, 64: 81 : 14 : 64
Critical_Path-Crone : 71, 71, 72, 72, 72, 71, 72, 71, 72, 72, 70, 73, 70, 73: 73 : 14 : 64
Critical_Path_Less : 78, 81, 76, 77, 81, 78, 61, 60, 59, 65, 82, 80, 62, 62: 82 : 14 : 64
Critical_Path_Less-Crone : 72, 71, 72, 71, 71, 72, 72, 71, 71, 72, 72, 71, 72, 72: 72 : 14 : 64
Critical_Path_Greater : 78, 74, 79, 77, 76, 78, 66, 65, 68, 61, 76, 76, 64, 64: 79 : 14 : 64
Critical_Path_Greater-Crone : 72, 72, 72, 71, 72, 71, 72, 71, 71, 72, 72, 72, 71, 71: 72 : 14 : 64
Crone : 72, 71, 72, 71, 72, 72, 71, 72, 72, 72, 71, 71, 71, 72: 72 : 14 : 64
Crone_Mod : 72, 72, 72, 71, 71, 72, 71, 72, 72, 71, 72, 72, 71, 71: 72 : 14 : 64
Pashkeev : 65, 62, 53, 71, 60, 56, 82, 80, 68, 85, 85, 72, 86, 77: 86 : 14 : 64
Pashkeev-Crone : 72, 72, 72, 71, 72, 71, 71, 72, 71, 71, 72, 72, 71, 72: 72 : 14 : 64
Pashkeev_Less : 66, 63, 63, 63, 63, 61, 80, 80, 78, 78, 77, 77, 77, 76: 80 : 14 : 64
Pashkeev_Less-Crone : 71, 72, 71, 71, 72, 72, 72, 72, 71, 72, 72, 72, 71, 71: 72 : 14 : 64
Pashkeev_Greater : 66, 67, 65, 65, 65, 66, 76, 77, 77, 75, 76, 76, 76, 75: 77 : 14 : 64
Pashkeev_Greater-Crone : 72, 71, 72, 71, 72, 72, 71, 71, 71, 73, 71, 72, 71, 72: 73 : 14 : 64
Critical_Path : 61, 73, 75, 71, 68, 63, 60, 69, 67, 64, 69, 73, 72, 60: 75 : 14 : 64
Critical_Path-Crone : 67, 68, 68, 66, 68, 66, 68, 67, 67, 68, 69, 69, 66, 68: 69 : 14 : 64
Critical_Path_Less : 54, 75, 77, 74, 58, 58, 57, 74, 75, 75, 61, 75, 74, 58: 77 : 14 : 64
Critical_Path_Less-Crone : 68, 68, 68, 67, 67, 67, 67, 68, 68, 68, 67, 67, 67, 68: 68 : 14 : 64
Critical_Path_Greater : 63, 73, 71, 73, 61, 61, 61, 74, 74, 73, 56, 74, 73, 58: 74 : 14 : 64
Critical_Path_Greater-Crone : 67, 67, 68, 67, 67, 67, 67, 68, 68, 68, 67, 68, 68, 68: 68 : 14 : 64
Crone : 67, 68, 67, 67, 68, 68, 67, 67, 68, 68, 67, 68, 66, 69: 69 : 14 : 64
Crone_Mod : 68, 67, 68, 68, 68, 67, 68, 68, 67, 67, 68, 67, 67, 67: 68 : 14 : 64
Pashkeev : 68, 54, 53, 61, 57, 66, 61, 84, 63, 70, 65, 77, 91, 75: 91 : 14 : 64
Pashkeev-Crone : 68, 67, 68, 68, 67, 68, 68, 68, 67, 68, 67, 68, 67, 66: 68 : 14 : 64
Pashkeev_Less : 61, 59, 59, 59, 58, 57, 77, 75, 75, 74, 74, 73, 72, 72: 77 : 14 : 64
Pashkeev_Less-Crone : 68, 67, 68, 67, 68, 68, 67, 67, 67, 68, 67, 67, 68, 68: 68 : 14 : 64
Pashkeev_Greater : 62, 61, 62, 62, 62, 62, 72, 72, 72, 71, 71, 72, 72, 72: 72 : 14 : 64
Pashkeev_Greater-Crone : 67, 67, 68, 68, 68, 67, 68, 67, 67, 68, 68, 67, 67, 68: 68 : 14 : 64
Critical_Path : 62, 67, 75, 63, 73, 73, 70, 71, 70, 60, 70, 69, 72, 65: 75 : 14 : 64
Critical_Path-Crone : 67, 67, 66, 69, 70, 66, 70, 70, 70, 68, 70, 69, 70, 68: 70 : 14 : 64
Critical_Path_Less : 58, 58, 76, 72, 76, 62, 78, 76, 77, 56, 61, 61, 75, 74: 78 : 14 : 64
Critical_Path_Less-Crone : 69, 68, 68, 68, 68, 69, 68, 69, 70, 69, 68, 70, 68, 68: 70 : 14 : 64
Critical_Path_Greater : 64, 62, 74, 76, 74, 59, 72, 74, 72, 64, 59, 59, 74, 77: 77 : 14 : 64
Critical_Path_Greater-Crone : 68, 69, 68, 69, 69, 70, 69, 67, 68, 70, 67, 69, 67, 70: 70 : 14 : 64
Crone : 69, 69, 68, 69, 69, 69, 68, 68, 68, 69, 68, 69, 69, 68: 69 : 14 : 64
Crone_Mod : 69, 69, 68, 69, 69, 68, 68, 69, 68, 69, 69, 68, 68, 69: 69 : 14 : 64
Pashkeev : 63, 71, 86, 77, 71, 78, 70, 74, 69, 56, 59, 61, 57, 68: 86 : 14 : 64
Pashkeev-Crone : 69, 69, 68, 68, 69, 69, 68, 68, 69, 68, 69, 69, 69, 68: 69 : 14 : 64
Pashkeev_Less : 63, 61, 60, 60, 58, 58, 78, 78, 77, 75, 73, 73, 73, 73: 78 : 14 : 64
Pashkeev_Less-Crone : 68, 69, 69, 69, 69, 69, 68, 68, 68, 69, 68, 69, 68, 69: 69 : 14 : 64
Pashkeev_Greater : 63, 63, 62, 62, 62, 63, 73, 73, 73, 72, 73, 75, 73, 73: 75 : 14 : 64
Pashkeev_Greater-Crone : 68, 69, 69, 68, 69, 68, 69, 69, 68, 70, 68, 68, 69, 68: 70 : 14 : 64
Critical_Path : 75, 76, 61, 64, 68, 61, 61, 62, 67, 74, 70, 66, 68, 63: 76 : 14 : 64
Critical_Path-Crone : 67, 67, 67, 67, 67, 67, 67, 67, 67, 67, 67, 66, 67, 66: 67 : 14 : 64
Critical_Path_Less : 71, 76, 57, 58, 74, 57, 60, 54, 60, 76, 75, 74, 72, 72: 76 : 14 : 64
Critical_Path_Less-Crone : 67, 67, 67, 67, 67, 67, 67, 67, 67, 67, 67, 66, 66, 67: 67 : 14 : 64
Critical_Path_Greater : 77, 71, 60, 60, 72, 59, 57, 61, 57, 70, 71, 73, 73, 75: 77 : 14 : 64
Critical_Path_Greater-Crone : 66, 67, 68, 67, 66, 66, 69, 67, 66, 68, 67, 66, 65, 68: 69 : 14 : 64
Crone : 66, 67, 69, 66, 68, 67, 69, 66, 66, 68, 67, 66, 65, 66: 69 : 14 : 64
Crone_Mod : 67, 67, 67, 67, 67, 67, 67, 66, 66, 67, 67, 67, 67, 67: 67 : 14 : 64
Pashkeev : 57, 60, 57, 62, 61, 59, 66, 81, 76, 75, 66, 76, 79, 61: 81 : 14 : 64
Pashkeev-Crone : 67, 67, 67, 67, 67, 67, 67, 67, 67, 66, 66, 67, 67, 67: 67 : 14 : 64
Pashkeev_Less : 60, 60, 60, 58, 57, 57, 76, 75, 75, 74, 73, 71, 70, 70: 76 : 14 : 64
Pashkeev_Less-Crone : 67, 67, 67, 67, 67, 67, 67, 66, 67, 67, 67, 67, 66, 67: 67 : 14 : 64
Pashkeev_Greater : 62, 61, 61, 63, 62, 61, 70, 70, 70, 71, 71, 72, 71, 71: 72 : 14 : 64
Pashkeev_Greater-Crone : 67, 67, 67, 67, 66, 66, 67, 66, 67, 67, 66, 67, 68, 68: 68 : 14 : 64
Critical_Path : 75, 69, 71, 68, 61, 62, 62, 69, 69, 68, 63, 71, 71, 68: 75 : 14 : 64
Critical_Path-Crone : 68, 68, 68, 68, 67, 67, 67, 67, 68, 68, 68, 68, 67, 68: 68 : 14 : 64
Critical_Path_Less : 72, 60, 58, 72, 58, 56, 54, 74, 76, 74, 76, 62, 78, 77: 78 : 14 : 64
Critical_Path_Less-Crone : 68, 68, 68, 68, 68, 67, 67, 68, 67, 68, 68, 68, 67, 67: 68 : 14 : 64
Critical_Path_Greater : 77, 59, 61, 75, 61, 63, 64, 75, 71, 73, 72, 57, 69, 70: 77 : 14 : 64
Critical_Path_Greater-Crone : 68, 68, 67, 68, 68, 67, 68, 67, 67, 68, 67, 68, 68, 68: 68 : 14 : 64
Crone : 68, 68, 68, 67, 68, 68, 67, 68, 67, 68, 68, 67, 67, 68: 68 : 14 : 64
Crone_Mod : 67, 68, 68, 68, 68, 68, 67, 67, 67, 68, 68, 67, 68, 68: 68 : 14 : 64
Pashkeev : 58, 67, 70, 47, 61, 57, 75, 61, 74, 68, 73, 83, 80, 73: 83 : 14 : 64
Pashkeev-Crone : 67, 67, 67, 68, 68, 68, 68, 69, 67, 68, 68, 67, 67, 68: 69 : 14 : 64
Pashkeev_Less : 61, 60, 60, 58, 58, 57, 77, 76, 75, 74, 74, 74, 72, 71: 77 : 14 : 64
Pashkeev_Less-Crone : 67, 67, 68, 68, 68, 67, 67, 68, 68, 68, 68, 68, 68, 67: 68 : 14 : 64
Pashkeev_Greater : 62, 62, 62, 62, 62, 62, 71, 72, 73, 72, 72, 71, 72, 72: 73 : 14 : 64
Pashkeev_Greater-Crone : 68, 66, 66, 66, 68, 68, 69, 67, 66, 69, 69, 69, 67, 69: 69 : 14 : 64
Critical_Path : 69, 66, 62, 67, 68, 73, 70, 74, 72, 64, 72, 62, 65, 71: 74 : 14 : 64
Critical_Path-Crone : 68, 68, 68, 68, 68, 68, 68, 69, 69, 68, 68, 68, 69, 68: 69 : 14 : 64
Critical_Path_Less : 71, 57, 59, 79, 78, 75, 56, 78, 75, 72, 76, 58, 59, 62: 79 : 14 : 64
Critical_Path_Less-Crone : 68, 68, 68, 68, 68, 68, 68, 68, 68, 69, 68, 69, 69, 68: 69 : 14 : 64
Critical_Path_Greater : 77, 62, 60, 70, 70, 74, 63, 73, 75, 77, 75, 61, 61, 57: 77 : 14 : 64
Critical_Path_Greater-Crone : 68, 68, 68, 68, 68, 68, 68, 69, 68, 69, 68, 68, 69, 68: 69 : 14 : 64
Crone : 68, 68, 68, 68, 68, 68, 69, 68, 68, 69, 68, 68, 69, 68: 69 : 14 : 64
Crone_Mod : 68, 68, 68, 68, 68, 68, 68, 69, 68, 69, 68, 69, 68, 68: 69 : 14 : 64
Pashkeev : 61, 62, 68, 57, 63, 59, 69, 66, 69, 85, 70, 83, 77, 66: 85 : 14 : 64
Pashkeev-Crone : 68, 68, 68, 68, 69, 68, 69, 68, 69, 67, 69, 68, 67, 69: 69 : 14 : 64
Pashkeev_Less : 61, 61, 60, 59, 59, 59, 77, 76, 76, 76, 75, 73, 72, 71: 77 : 14 : 64
Pashkeev_Less-Crone : 68, 68, 68, 68, 69, 69, 68, 68, 68, 68, 67, 68, 69, 69: 69 : 14 : 64
Pashkeev_Greater : 63, 63, 63, 64, 64, 63, 72, 71, 71, 72, 72, 72, 72, 73: 73 : 14 : 64
Pashkeev_Greater-Crone : 68, 68, 68, 68, 68, 68, 68, 68, 68, 68, 69, 69, 69, 68: 69 : 14 : 64
