,T, N, M, i
[16, 14, 15, 10, 19, 12, 13, 14, 16, 17, 11, 11, 12, 18, 17, 10, 18, 12, 10, 17, 18, 13, 15, 13, 15, 15, 17, 19, 17, 17, 19, 18, 12, 13, 18, 16, 17, 13, 13, 16, 16, 13, 19, 17, 10, 14, 18, 15, 15, 17, 18, 14, 13, 11, 18, 18, 17, 17, 18, 13, 16, 19, 19, 16, 12, 13, 16, 17, 17, 10, 10], 10, 70, 0
[14, 17, 13, 13, 10, 19, 13, 14, 17, 19, 11, 12, 19, 17, 18, 12, 17, 13, 19, 11, 19, 10, 10, 16, 19, 18, 18, 16, 19, 19, 14, 13, 11, 18, 19, 17, 10, 13, 17, 14, 14, 18, 13, 13, 17, 10, 18, 18, 17, 16, 17, 16, 11, 10, 19, 12, 16, 16, 10, 10, 14, 10, 15, 13, 12, 16, 14, 14, 12, 10, 13], 10, 70, 1
[17, 11, 18, 15, 12, 16, 18, 14, 13, 18, 16, 17, 13, 16, 11, 15, 12, 15, 10, 14, 13, 18, 19, 12, 10, 17, 15, 19, 14, 18, 10, 14, 13, 12, 12, 13, 10, 12, 12, 17, 18, 11, 19, 18, 18, 11, 19, 19, 13, 16, 14, 17, 16, 13, 19, 11, 12, 16, 18, 15, 14, 17, 12, 18, 10, 13, 17, 14, 18, 17, 12], 10, 70, 2
[15, 18, 12, 16, 18, 16, 14, 11, 17, 10, 13, 16, 18, 18, 18, 11, 15, 13, 14, 15, 13, 14, 17, 18, 12, 15, 15, 16, 12, 18, 16, 18, 14, 16, 18, 13, 15, 16, 19, 13, 15, 18, 19, 16, 13, 15, 12, 19, 16, 15, 14, 16, 19, 10, 10, 12, 17, 16, 19, 10, 15, 16, 13, 10, 19, 11, 16, 15, 15, 10, 14], 10, 70, 3
[14, 15, 14, 12, 11, 19, 15, 13, 11, 18, 13, 16, 19, 17, 14, 10, 19, 10, 13, 18, 16, 17, 17, 13, 13, 12, 14, 11, 15, 18, 17, 13, 18, 10, 12, 10, 16, 12, 19, 15, 10, 12, 16, 19, 19, 10, 18, 15, 11, 10, 13, 15, 14, 10, 17, 13, 14, 15, 16, 15, 16, 15, 19, 15, 15, 15, 13, 18, 12, 12, 14], 10, 70, 4
[13, 12, 18, 19, 13, 18, 10, 11, 12, 11, 12, 17, 16, 12, 11, 15, 14, 14, 12, 18, 15, 10, 19, 13, 15, 13, 18, 12, 12, 15, 11, 13, 17, 19, 13, 16, 17, 19, 16, 16, 16, 17, 10, 18, 19, 14, 11, 10, 10, 11, 19, 16, 18, 15, 10, 18, 13, 11, 12, 17, 11, 13, 11, 15, 13, 19, 12, 16, 16, 18, 16], 10, 70, 5
[16, 14, 12, 11, 18, 17, 16, 11, 15, 17, 14, 14, 17, 10, 12, 12, 14, 18, 18, 15, 15, 14, 15, 17, 10, 15, 17, 13, 14, 10, 10, 19, 15, 13, 17, 14, 17, 16, 15, 13, 15, 19, 17, 15, 16, 11, 14, 19, 18, 16, 16, 11, 12, 13, 10, 15, 13, 14, 16, 15, 17, 18, 15, 10, 11, 18, 17, 14, 12, 19, 12], 10, 70, 6
[13, 15, 12, 14, 18, 17, 15, 12, 13, 13, 19, 14, 13, 17, 10, 10, 17, 17, 12, 12, 17, 14, 10, 14, 17, 12, 12, 19, 13, 19, 16, 11, 16, 11, 19, 17, 18, 17, 16, 18, 13, 11, 12, 11, 11, 11, 18, 13, 10, 18, 13, 11, 17, 16, 19, 15, 18, 18, 15, 13, 13, 14, 18, 19, 10, 19, 19, 12, 17, 12, 13], 10, 70, 7
[10, 10, 13, 15, 13, 19, 16, 10, 15, 13, 13, 15, 16, 10, 13, 13, 11, 11, 12, 10, 19, 17, 15, 15, 17, 10, 13, 11, 14, 10, 18, 18, 10, 10, 19, 12, 11, 16, 19, 13, 15, 15, 16, 16, 14, 10, 16, 19, 18, 16, 16, 13, 17, 10, 13, 15, 12, 14, 16, 11, 11, 17, 16, 13, 12, 15, 12, 11, 11, 18, 18], 10, 70, 8
[17, 10, 12, 10, 19, 18, 15, 10, 16, 13, 16, 15, 15, 16, 17, 18, 13, 15, 14, 15, 19, 10, 16, 13, 16, 16, 19, 18, 17, 10, 13, 15, 12, 15, 15, 14, 15, 10, 11, 14, 19, 12, 18, 12, 12, 17, 16, 17, 17, 10, 16, 19, 19, 17, 14, 17, 17, 18, 14, 10, 12, 14, 13, 14, 17, 16, 14, 14, 17, 11, 11], 10, 70, 9
[18, 17, 15, 19, 12, 10, 11, 16, 16, 14, 19, 10, 15, 11, 11, 19, 10, 16, 13, 16, 11, 18, 14, 13, 14, 17, 12, 16, 11, 19, 11, 18, 10, 16, 14, 18, 15, 15, 10, 10, 11, 18, 18, 15, 13, 16, 13, 16, 11, 10, 11, 18, 15, 16, 10, 18, 13, 17, 19, 19, 19, 16, 19, 14, 11, 15, 12, 13, 13, 12, 14], 10, 70, 10
[15, 18, 11, 10, 18, 16, 17, 11, 15, 17, 18, 11, 10, 18, 12, 17, 17, 12, 11, 12, 11, 14, 12, 13, 10, 11, 13, 17, 13, 10, 18, 19, 10, 15, 10, 13, 12, 14, 16, 13, 10, 18, 17, 11, 17, 13, 16, 12, 12, 11, 17, 17, 13, 19, 12, 12, 16, 13, 14, 10, 19, 11, 18, 18, 14, 16, 15, 15, 11, 13, 13], 10, 70, 11
[12, 19, 16, 10, 11, 18, 10, 15, 17, 11, 16, 19, 11, 18, 11, 12, 18, 15, 19, 15, 18, 16, 12, 17, 14, 18, 12, 13, 13, 16, 15, 19, 11, 18, 14, 18, 19, 12, 14, 14, 10, 10, 14, 12, 18, 14, 18, 18, 10, 17, 14, 12, 17, 18, 10, 16, 17, 12, 13, 10, 17, 15, 17, 18, 12, 10, 16, 16, 11, 14, 14], 10, 70, 12
[19, 12, 15, 19, 16, 11, 18, 11, 14, 14, 14, 11, 11, 15, 11, 13, 16, 14, 18, 16, 11, 16, 18, 18, 10, 10, 11, 11, 10, 11, 14, 19, 17, 14, 18, 12, 11, 19, 11, 17, 15, 18, 11, 10, 12, 15, 19, 10, 18, 10, 19, 16, 14, 17, 12, 15, 18, 18, 17, 18, 10, 19, 15, 11, 19, 19, 12, 14, 14, 13, 13], 10, 70, 13
[11, 19, 13, 13, 10, 13, 17, 11, 12, 15, 19, 13, 16, 16, 14, 13, 11, 13, 17, 14, 14, 18, 17, 19, 11, 12, 12, 11, 13, 10, 10, 14, 14, 10, 11, 17, 11, 18, 11, 15, 14, 12, 15, 14, 17, 13, 11, 17, 11, 13, 18, 13, 13, 15, 11, 18, 18, 17, 18, 13, 16, 16, 15, 12, 19, 18, 12, 10, 11, 11, 13], 10, 70, 14
[17, 15, 15, 10, 11, 13, 14, 10, 16, 15, 11, 14, 18, 14, 17, 16, 19, 15, 17, 16, 17, 19, 11, 18, 18, 14, 17, 10, 16, 15, 12, 10, 15, 13, 13, 18, 14, 16, 10, 19, 17, 18, 17, 16, 13, 15, 19, 16, 15, 16, 12, 15, 10, 13, 19, 19, 18, 11, 10, 14, 19, 16, 19, 12, 10, 15, 12, 18, 14, 16, 10], 10, 70, 15
[18, 18, 15, 16, 14, 11, 18, 18, 11, 12, 18, 17, 11, 18, 17, 11, 14, 15, 18, 10, 15, 15, 12, 18, 14, 12, 11, 16, 13, 16, 13, 19, 16, 16, 15, 11, 10, 15, 10, 12, 13, 17, 15, 19, 15, 10, 19, 17, 10, 12, 10, 10, 14, 15, 13, 14, 16, 15, 18, 13, 15, 17, 13, 14, 12, 13, 14, 10, 11, 13, 12], 10, 70, 16
[14, 10, 14, 12, 16, 14, 12, 15, 14, 10, 18, 13, 10, 13, 17, 10, 11, 18, 17, 12, 10, 14, 12, 16, 16, 18, 14, 17, 19, 19, 17, 16, 17, 12, 12, 15, 17, 12, 13, 11, 16, 17, 10, 10, 11, 15, 18, 12, 11, 12, 16, 14, 13, 13, 16, 17, 14, 19, 19, 17, 11, 17, 13, 12, 19, 14, 11, 15, 17, 18, 10], 10, 70, 17
[18, 18, 17, 19, 13, 13, 19, 19, 11, 19, 14, 11, 13, 16, 18, 12, 12, 11, 16, 19, 19, 17, 15, 15, 19, 14, 19, 19, 17, 11, 19, 15, 16, 17, 10, 12, 11, 13, 19, 15, 13, 10, 18, 18, 11, 10, 15, 14, 16, 10, 17, 11, 15, 12, 13, 16, 12, 14, 19, 12, 14, 12, 16, 16, 11, 11, 16, 16, 11, 13, 18], 10, 70, 18
[13, 10, 17, 13, 15, 15, 12, 10, 19, 14, 17, 18, 12, 16, 14, 11, 19, 15, 11, 18, 10, 19, 14, 13, 11, 14, 11, 14, 14, 17, 12, 17, 15, 12, 19, 13, 18, 10, 16, 16, 12, 17, 10, 10, 16, 17, 11, 11, 13, 17, 10, 10, 10, 18, 10, 12, 18, 11, 16, 17, 14, 10, 15, 12, 13, 14, 17, 19, 13, 16, 18], 10, 70, 19
[19, 11, 11, 10, 19, 16, 15, 17, 17, 11, 12, 11, 17, 18, 15, 10, 15, 13, 18, 10, 10, 12, 16, 16, 19, 17, 10, 13, 14, 15, 11, 12, 18, 14, 19, 14, 12, 14, 11, 10, 16, 17, 19, 17, 15, 18, 12, 12, 10, 12, 10, 19, 10, 10, 16, 12, 12, 12, 17, 18, 10, 10, 12, 12, 18, 16, 16, 12, 15, 14, 16], 10, 70, 20
[19, 16, 13, 19, 12, 17, 13, 12, 10, 12, 10, 16, 18, 10, 19, 13, 16, 13, 18, 11, 15, 18, 12, 11, 16, 17, 13, 16, 11, 12, 18, 17, 15, 14, 11, 15, 14, 11, 14, 13, 19, 10, 10, 17, 11, 11, 17, 18, 17, 15, 10, 12, 14, 17, 11, 15, 13, 13, 11, 11, 15, 14, 11, 11, 10, 13, 19, 17, 15, 17, 13], 10, 70, 21
[12, 18, 12, 17, 14, 15, 13, 13, 14, 19, 10, 16, 15, 10, 14, 14, 14, 14, 11, 16, 10, 17, 12, 16, 15, 11, 18, 12, 12, 16, 14, 16, 19, 14, 19, 19, 18, 19, 15, 12, 18, 10, 16, 11, 10, 12, 19, 14, 18, 10, 19, 15, 16, 14, 18, 13, 13, 14, 17, 11, 11, 10, 17, 16, 15, 12, 17, 10, 10, 12, 16], 10, 70, 22
[12, 12, 15, 14, 12, 11, 17, 11, 19, 16, 14, 13, 12, 16, 15, 18, 16, 13, 11, 12, 13, 18, 19, 14, 19, 15, 15, 15, 18, 13, 12, 13, 18, 19, 14, 18, 19, 17, 11, 14, 11, 13, 11, 12, 10, 18, 14, 14, 12, 12, 13, 18, 12, 17, 16, 10, 11, 15, 14, 15, 11, 15, 11, 14, 14, 10, 16, 13, 13, 12, 15], 10, 70, 23
[16, 17, 11, 15, 19, 15, 18, 19, 19, 10, 19, 17, 14, 16, 13, 14, 11, 17, 16, 15, 14, 18, 13, 15, 14, 15, 13, 11, 15, 15, 17, 17, 17, 19, 15, 19, 13, 15, 19, 10, 15, 15, 13, 14, 17, 18, 18, 15, 10, 17, 19, 14, 10, 16, 15, 12, 10, 16, 19, 12, 19, 10, 13, 14, 11, 19, 18, 13, 15, 17, 19], 10, 70, 24
[15, 10, 18, 15, 11, 11, 10, 17, 11, 16, 18, 12, 18, 19, 14, 18, 11, 18, 17, 16, 12, 15, 18, 13, 14, 12, 17, 10, 13, 10, 18, 17, 13, 16, 13, 19, 19, 10, 10, 12, 17, 15, 19, 17, 14, 13, 15, 12, 10, 13, 17, 13, 18, 11, 11, 14, 14, 16, 15, 14, 17, 18, 17, 14, 11, 12, 12, 14, 14, 13, 18], 10, 70, 25
[13, 16, 13, 11, 12, 19, 19, 13, 18, 13, 18, 16, 17, 13, 12, 16, 11, 14, 15, 14, 17, 18, 19, 11, 14, 10, 14, 18, 16, 19, 15, 19, 19, 19, 19, 13, 13, 14, 16, 14, 12, 14, 15, 13, 12, 11, 14, 12, 10, 13, 17, 13, 17, 15, 18, 12, 14, 10, 13, 18, 16, 13, 19, 12, 13, 15, 17, 19, 12, 19, 12], 10, 70, 26
[15, 17, 13, 13, 13, 16, 16, 19, 11, 16, 16, 17, 12, 11, 13, 15, 17, 15, 11, 19, 15, 17, 19, 16, 17, 13, 11, 12, 19, 19, 19, 16, 13, 10, 10, 19, 16, 13, 16, 17, 13, 15, 16, 11, 14, 19, 19, 14, 13, 15, 19, 15, 12, 11, 10, 16, 11, 19, 13, 15, 17, 19, 10, 17, 18, 12, 13, 11, 18, 14, 14], 10, 70, 27
[16, 18, 16, 17, 13, 10, 17, 18, 19, 14, 18, 12, 18, 16, 12, 19, 13, 10, 15, 12, 16, 12, 16, 12, 15, 13, 16, 15, 16, 13, 19, 14, 13, 19, 17, 14, 19, 15, 19, 19, 11, 13, 18, 10, 18, 15, 14, 16, 17, 19, 10, 11, 13, 16, 12, 19, 11, 10, 16, 11, 11, 12, 10, 13, 11, 17, 11, 19, 13, 19, 14], 10, 70, 28
[19, 17, 17, 12, 12, 18, 18, 16, 13, 15, 13, 15, 19, 10, 15, 13, 10, 16, 16, 17, 14, 13, 17, 10, 15, 10, 14, 10, 16, 19, 10, 17, 14, 15, 16, 17, 11, 18, 15, 13, 13, 19, 13, 19, 15, 10, 16, 15, 13, 17, 13, 17, 12, 11, 16, 10, 12, 18, 12, 11, 10, 13, 19, 18, 17, 10, 12, 19, 12, 16, 14], 10, 70, 29
[14, 18, 19, 16, 16, 18, 11, 10, 13, 18, 19, 14, 15, 17, 10, 14, 16, 14, 19, 15, 19, 13, 19, 13, 18, 10, 18, 18, 19, 14, 18, 12, 16, 13, 16, 11, 19, 19, 12, 18, 13, 18, 11, 12, 18, 11, 10, 19, 12, 13, 19, 12, 17, 13, 12, 13, 14, 15, 15, 17, 16, 10, 18, 15, 12, 18, 16, 15, 19, 18, 10], 10, 70, 30
[18, 19, 15, 16, 13, 12, 12, 18, 10, 13, 17, 16, 11, 18, 18, 11, 10, 16, 13, 14, 15, 19, 17, 16, 19, 19, 14, 19, 14, 11, 14, 12, 12, 18, 19, 10, 17, 10, 15, 10, 18, 11, 19, 14, 12, 17, 17, 18, 11, 14, 14, 19, 17, 13, 16, 19, 12, 12, 16, 16, 15, 18, 10, 13, 11, 11, 18, 11, 12, 12, 15], 10, 70, 31
[16, 11, 10, 19, 16, 16, 12, 16, 13, 11, 11, 19, 16, 13, 14, 17, 19, 16, 12, 13, 17, 19, 12, 13, 12, 15, 14, 13, 12, 17, 13, 13, 15, 18, 19, 14, 17, 18, 12, 18, 10, 17, 11, 16, 13, 19, 10, 16, 13, 16, 11, 10, 17, 14, 16, 15, 13, 11, 17, 11, 19, 16, 11, 10, 12, 15, 17, 11, 17, 14, 18], 10, 70, 32
[19, 11, 16, 11, 15, 11, 15, 16, 10, 15, 14, 18, 18, 14, 18, 15, 16, 14, 16, 15, 12, 19, 11, 13, 13, 17, 15, 10, 18, 11, 19, 15, 13, 19, 13, 13, 17, 10, 16, 17, 11, 18, 13, 18, 10, 15, 16, 15, 10, 16, 16, 10, 12, 15, 18, 16, 15, 11, 16, 18, 16, 15, 16, 12, 17, 17, 15, 16, 19, 17, 16], 10, 70, 33
[18, 16, 12, 11, 11, 10, 12, 11, 17, 19, 17, 13, 14, 12, 16, 10, 19, 16, 10, 12, 15, 10, 11, 15, 19, 10, 17, 16, 16, 19, 15, 16, 19, 17, 14, 17, 12, 12, 17, 11, 10, 11, 12, 17, 13, 16, 18, 12, 14, 17, 11, 13, 12, 14, 19, 14, 11, 11, 12, 19, 12, 11, 15, 19, 13, 12, 16, 10, 11, 11, 12], 10, 70, 34
[10, 18, 13, 16, 17, 19, 12, 12, 11, 14, 17, 11, 17, 11, 16, 19, 14, 11, 14, 17, 14, 12, 19, 13, 13, 15, 12, 14, 15, 16, 16, 10, 12, 16, 18, 13, 12, 18, 17, 15, 15, 13, 19, 13, 13, 13, 13, 18, 13, 16, 14, 19, 17, 12, 18, 14, 18, 11, 14, 11, 18, 10, 12, 14, 16, 10, 16, 11, 17, 11, 19], 10, 70, 35
[16, 13, 19, 13, 15, 16, 10, 14, 12, 19, 11, 11, 16, 19, 14, 19, 15, 16, 15, 17, 12, 17, 12, 17, 15, 14, 19, 13, 14, 13, 19, 12, 13, 10, 15, 16, 13, 19, 10, 10, 17, 10, 11, 15, 16, 17, 13, 12, 19, 18, 17, 10, 18, 15, 18, 10, 12, 17, 16, 19, 19, 12, 10, 15, 11, 17, 10, 17, 11, 17, 17], 10, 70, 36
[10, 19, 11, 16, 12, 10, 17, 17, 16, 13, 15, 10, 18, 17, 15, 10, 15, 13, 10, 19, 18, 16, 11, 19, 19, 14, 14, 12, 15, 13, 16, 11, 15, 14, 18, 10, 11, 14, 18, 10, 12, 15, 16, 14, 17, 10, 18, 13, 13, 16, 10, 17, 15, 19, 16, 14, 19, 16, 11, 12, 13, 17, 16, 11, 14, 15, 11, 14, 15, 11, 15], 10, 70, 37
[14, 12, 11, 14, 15, 16, 17, 15, 18, 18, 11, 12, 16, 15, 13, 16, 16, 14, 14, 12, 14, 13, 11, 13, 14, 12, 17, 14, 18, 11, 10, 15, 11, 19, 18, 17, 18, 17, 14, 17, 10, 19, 13, 16, 18, 11, 11, 13, 19, 11, 13, 12, 11, 14, 19, 14, 15, 10, 14, 19, 16, 15, 18, 15, 12, 15, 19, 12, 10, 16, 17], 10, 70, 38
[19, 17, 10, 14, 17, 14, 14, 17, 19, 11, 12, 17, 13, 10, 13, 12, 16, 16, 16, 11, 16, 11, 17, 17, 11, 19, 15, 11, 13, 14, 19, 14, 18, 16, 13, 11, 10, 19, 12, 14, 10, 12, 11, 15, 16, 15, 10, 13, 10, 16, 13, 12, 16, 10, 15, 16, 15, 12, 13, 12, 12, 17, 19, 18, 19, 10, 10, 19, 13, 15, 17], 10, 70, 39
[14, 19, 14, 19, 12, 17, 16, 15, 12, 10, 14, 15, 10, 17, 16, 19, 11, 17, 18, 11, 15, 17, 18, 17, 17, 14, 17, 10, 13, 19, 17, 16, 16, 12, 19, 16, 10, 11, 11, 15, 18, 18, 12, 12, 13, 14, 16, 17, 13, 13, 12, 18, 15, 17, 17, 10, 15, 11, 19, 11, 13, 12, 18, 15, 12, 14, 16, 14, 13, 10, 13], 10, 70, 40
[19, 13, 12, 10, 15, 13, 12, 18, 16, 17, 10, 11, 13, 17, 12, 18, 13, 10, 17, 19, 16, 12, 14, 16, 14, 14, 11, 11, 10, 12, 19, 16, 15, 19, 18, 12, 11, 17, 10, 16, 14, 19, 10, 13, 19, 10, 12, 15, 13, 18, 13, 14, 17, 10, 14, 17, 14, 18, 11, 15, 15, 17, 17, 12, 15, 13, 15, 19, 19, 14, 19], 10, 70, 41
[11, 14, 12, 16, 15, 14, 14, 10, 17, 10, 17, 13, 12, 15, 19, 12, 10, 12, 19, 16, 15, 14, 15, 17, 19, 12, 16, 15, 13, 11, 19, 17, 11, 16, 17, 16, 18, 10, 16, 10, 15, 12, 12, 14, 17, 10, 15, 16, 19, 15, 17, 19, 16, 19, 15, 18, 13, 15, 13, 12, 15, 15, 15, 19, 14, 17, 17, 16, 11, 13, 11], 10, 70, 42
[11, 10, 15, 14, 13, 12, 17, 10, 17, 14, 11, 17, 10, 16, 10, 10, 12, 18, 14, 12, 15, 14, 18, 16, 10, 16, 18, 17, 13, 17, 10, 19, 14, 18, 11, 10, 13, 11, 13, 13, 11, 16, 19, 16, 11, 18, 10, 11, 18, 17, 19, 18, 11, 16, 10, 11, 14, 13, 17, 19, 13, 13, 13, 10, 11, 14, 15, 10, 15, 13, 14], 10, 70, 43
[19, 12, 14, 18, 11, 19, 11, 11, 17, 19, 11, 18, 15, 13, 16, 12, 16, 17, 13, 11, 13, 12, 14, 11, 10, 12, 13, 11, 13, 14, 12, 10, 14, 18, 18, 14, 12, 13, 17, 10, 18, 19, 11, 15, 15, 10, 10, 12, 19, 12, 10, 16, 12, 10, 10, 12, 19, 17, 18, 12, 14, 14, 17, 14, 15, 13, 13, 14, 16, 11, 12], 10, 70, 44
[17, 10, 18, 10, 11, 18, 16, 14, 17, 18, 17, 16, 19, 17, 19, 14, 15, 12, 14, 17, 13, 10, 15, 12, 17, 18, 19, 18, 13, 15, 15, 14, 13, 18, 11, 10, 18, 10, 14, 16, 14, 15, 16, 10, 14, 11, 10, 18, 10, 17, 14, 18, 15, 13, 16, 13, 10, 15, 11, 10, 18, 16, 11, 16, 17, 18, 19, 10, 14, 11, 18], 10, 70, 45
[16, 12, 11, 16, 16, 18, 12, 15, 14, 18, 18, 14, 13, 16, 16, 12, 12, 18, 14, 15, 19, 13, 18, 11, 16, 12, 10, 11, 13, 19, 10, 19, 12, 16, 14, 12, 17, 13, 18, 15, 14, 16, 14, 16, 12, 16, 19, 17, 14, 16, 15, 15, 15, 13, 15, 10, 13, 16, 15, 10, 19, 10, 18, 11, 10, 17, 14, 19, 14, 13, 18], 10, 70, 46
[11, 12, 11, 18, 19, 15, 15, 15, 12, 12, 15, 12, 15, 16, 16, 16, 19, 15, 18, 16, 18, 13, 10, 13, 18, 11, 13, 17, 15, 19, 15, 10, 19, 10, 14, 19, 19, 18, 14, 15, 11, 12, 18, 14, 18, 13, 11, 12, 18, 12, 18, 15, 10, 10, 15, 14, 17, 18, 18, 13, 15, 14, 15, 18, 14, 14, 14, 14, 12, 13, 11], 10, 70, 47
[12, 16, 11, 18, 13, 19, 10, 18, 15, 18, 11, 17, 12, 16, 13, 18, 15, 19, 19, 11, 10, 19, 17, 16, 15, 16, 11, 13, 19, 13, 19, 17, 16, 12, 18, 16, 15, 14, 16, 14, 14, 14, 13, 16, 10, 18, 17, 11, 13, 18, 18, 17, 19, 16, 17, 13, 17, 13, 15, 11, 15, 12, 10, 10, 18, 19, 12, 17, 17, 18, 18], 10, 70, 48
[19, 18, 13, 15, 19, 18, 19, 19, 15, 14, 12, 19, 12, 14, 15, 10, 15, 15, 16, 17, 19, 11, 17, 10, 14, 14, 16, 13, 19, 17, 14, 11, 19, 12, 14, 11, 18, 13, 15, 16, 10, 13, 19, 15, 18, 19, 14, 17, 13, 12, 17, 10, 13, 13, 13, 14, 11, 13, 14, 17, 16, 13, 19, 13, 14, 15, 17, 11, 18, 11, 19], 10, 70, 49
[13, 19, 14, 18, 15, 16, 10, 16, 16, 10, 12, 12, 12, 12, 13, 16, 12, 16, 11, 12, 15, 10, 14, 16, 10, 11, 15, 12, 18, 15, 19, 18, 10, 10, 19, 10, 16, 11, 18, 19, 19, 10, 14, 17, 15, 19, 16, 19, 13, 19, 14, 14, 16, 12, 15, 15, 12, 12, 18, 13, 19, 15, 13, 18, 17, 11, 14, 15, 15, 18, 14], 10, 70, 50
[12, 11, 18, 12, 18, 14, 16, 18, 14, 10, 12, 13, 11, 16, 19, 19, 14, 15, 11, 12, 12, 14, 12, 10, 10, 15, 17, 11, 19, 17, 18, 19, 14, 12, 17, 13, 12, 18, 10, 13, 19, 15, 18, 16, 13, 11, 17, 16, 14, 15, 10, 17, 18, 17, 18, 10, 11, 15, 14, 18, 17, 18, 17, 17, 12, 17, 18, 17, 19, 14, 16], 10, 70, 51
[19, 14, 11, 16, 18, 18, 15, 17, 16, 12, 13, 14, 10, 17, 11, 17, 15, 14, 18, 10, 19, 16, 15, 18, 10, 12, 10, 10, 16, 11, 10, 10, 11, 16, 13, 16, 10, 12, 19, 14, 18, 14, 15, 12, 17, 16, 17, 13, 10, 18, 10, 17, 13, 11, 10, 15, 17, 18, 12, 17, 11, 13, 13, 17, 11, 16, 15, 11, 12, 18, 11], 10, 70, 52
[15, 15, 15, 19, 17, 18, 16, 15, 13, 11, 12, 16, 13, 16, 11, 17, 11, 11, 12, 13, 10, 13, 11, 13, 10, 14, 15, 17, 16, 10, 17, 15, 13, 19, 14, 10, 13, 19, 12, 16, 16, 10, 15, 17, 15, 18, 13, 18, 11, 11, 18, 12, 16, 10, 11, 13, 18, 15, 19, 13, 11, 11, 16, 17, 19, 12, 16, 14, 11, 18, 15], 10, 70, 53
[12, 16, 12, 16, 11, 10, 17, 11, 15, 13, 19, 15, 11, 12, 12, 11, 10, 16, 15, 15, 14, 16, 19, 10, 12, 15, 18, 19, 16, 15, 12, 11, 18, 16, 16, 15, 17, 14, 15, 16, 17, 18, 15, 12, 13, 10, 12, 12, 14, 15, 17, 11, 12, 11, 16, 15, 13, 15, 14, 11, 10, 15, 15, 14, 18, 18, 19, 10, 17, 10, 19], 10, 70, 54
[17, 16, 12, 15, 16, 18, 18, 11, 13, 14, 16, 12, 19, 12, 14, 12, 14, 12, 13, 15, 14, 18, 17, 16, 12, 19, 12, 19, 11, 14, 16, 16, 16, 16, 10, 12, 10, 16, 15, 18, 15, 19, 13, 13, 16, 15, 18, 12, 12, 11, 13, 18, 15, 14, 16, 15, 12, 12, 18, 14, 15, 11, 14, 15, 18, 17, 19, 15, 17, 17, 18], 10, 70, 55
[18, 13, 12, 18, 13, 16, 14, 16, 13, 18, 15, 10, 14, 10, 18, 15, 17, 16, 16, 14, 11, 14, 18, 15, 17, 12, 12, 12, 12, 16, 16, 17, 19, 13, 17, 17, 10, 12, 14, 11, 13, 19, 17, 19, 19, 14, 16, 11, 13, 11, 15, 11, 17, 18, 15, 12, 14, 17, 14, 15, 13, 18, 12, 13, 18, 12, 16, 13, 10, 18, 10], 10, 70, 56
[14, 16, 13, 12, 19, 17, 10, 13, 10, 19, 19, 10, 11, 14, 12, 11, 19, 19, 14, 18, 10, 19, 17, 14, 11, 19, 16, 14, 12, 17, 15, 12, 11, 15, 16, 19, 15, 14, 15, 19, 18, 10, 17, 10, 15, 15, 17, 11, 18, 18, 16, 12, 16, 17, 18, 15, 19, 13, 11, 15, 14, 18, 13, 11, 19, 16, 11, 12, 12, 12, 12], 10, 70, 57
[17, 18, 19, 12, 14, 13, 17, 10, 11, 15, 16, 10, 17, 15, 12, 16, 16, 18, 14, 11, 15, 19, 13, 10, 10, 19, 10, 12, 12, 12, 18, 19, 13, 16, 19, 18, 12, 16, 10, 10, 12, 16, 11, 10, 14, 14, 18, 15, 17, 13, 18, 12, 16, 19, 17, 14, 13, 15, 10, 11, 18, 16, 14, 16, 14, 13, 15, 11, 11, 18, 19], 10, 70, 58
[11, 18, 14, 18, 13, 17, 11, 17, 13, 13, 13, 11, 15, 18, 16, 16, 10, 13, 13, 19, 16, 18, 14, 15, 17, 18, 15, 19, 12, 13, 17, 13, 14, 14, 19, 12, 14, 18, 12, 12, 13, 16, 17, 11, 15, 17, 14, 16, 18, 18, 11, 10, 12, 16, 17, 14, 16, 10, 12, 19, 13, 17, 13, 19, 10, 14, 15, 13, 11, 18, 11], 10, 70, 59
[11, 15, 11, 14, 19, 11, 15, 17, 15, 14, 19, 17, 15, 16, 17, 19, 10, 16, 12, 14, 19, 14, 17, 10, 15, 12, 16, 12, 12, 13, 12, 13, 14, 10, 11, 14, 14, 18, 11, 17, 18, 11, 11, 11, 15, 16, 12, 14, 12, 19, 16, 14, 16, 17, 16, 12, 17, 15, 13, 10, 17, 16, 18, 15, 11, 17, 15, 12, 14, 13, 19], 10, 70, 60
[13, 12, 13, 13, 17, 19, 18, 12, 12, 12, 15, 14, 13, 17, 11, 19, 14, 16, 11, 17, 12, 12, 18, 12, 11, 16, 16, 10, 14, 13, 18, 19, 12, 19, 11, 18, 16, 11, 11, 10, 11, 13, 11, 11, 10, 11, 19, 14, 14, 14, 16, 19, 17, 11, 18, 13, 15, 18, 12, 12, 14, 12, 12, 14, 16, 11, 19, 18, 16, 10, 15], 10, 70, 61
[11, 17, 16, 14, 10, 17, 11, 16, 17, 13, 16, 13, 15, 10, 14, 11, 18, 12, 18, 16, 14, 13, 17, 14, 15, 12, 14, 19, 14, 10, 12, 15, 19, 10, 14, 16, 14, 16, 15, 14, 11, 17, 15, 15, 10, 11, 11, 18, 11, 18, 17, 13, 13, 16, 13, 16, 14, 19, 18, 12, 17, 12, 16, 13, 19, 17, 14, 10, 10, 18, 13], 10, 70, 62
[13, 17, 11, 19, 12, 13, 14, 15, 14, 12, 10, 14, 17, 18, 18, 18, 13, 13, 14, 17, 14, 12, 12, 12, 10, 18, 11, 11, 11, 12, 12, 12, 13, 12, 14, 17, 13, 13, 10, 13, 15, 12, 16, 11, 17, 18, 11, 13, 14, 14, 10, 15, 13, 11, 11, 15, 11, 11, 12, 16, 18, 13, 16, 13, 19, 10, 15, 19, 11, 11, 15], 10, 70, 63
[12, 17, 11, 11, 18, 16, 12, 11, 18, 15, 16, 12, 17, 19, 13, 10, 17, 13, 15, 13, 15, 17, 10, 14, 19, 18, 17, 11, 15, 11, 14, 10, 19, 15, 17, 13, 12, 11, 10, 18, 15, 12, 19, 16, 18, 10, 12, 10, 10, 11, 18, 18, 12, 18, 14, 11, 13, 15, 16, 14, 19, 10, 14, 12, 10, 14, 16, 19, 15, 16, 12], 10, 70, 64
[19, 10, 19, 16, 11, 14, 16, 19, 17, 14, 15, 12, 16, 15, 15, 11, 19, 11, 19, 15, 10, 17, 12, 18, 16, 13, 13, 18, 11, 14, 17, 11, 15, 19, 15, 15, 11, 16, 11, 18, 13, 10, 12, 15, 12, 10, 19, 18, 18, 10, 12, 16, 10, 15, 18, 18, 15, 13, 12, 14, 11, 13, 12, 11, 12, 10, 12, 18, 18, 10, 17], 10, 70, 65
[13, 18, 10, 11, 14, 14, 13, 12, 10, 13, 12, 10, 17, 18, 19, 11, 18, 16, 16, 12, 18, 12, 11, 19, 15, 15, 14, 16, 13, 13, 15, 16, 14, 15, 19, 13, 17, 18, 17, 13, 15, 16, 17, 12, 15, 17, 18, 19, 11, 19, 13, 19, 10, 10, 11, 10, 16, 10, 12, 13, 19, 13, 13, 13, 14, 17, 15, 14, 10, 16, 17], 10, 70, 66
[13, 15, 10, 18, 16, 17, 10, 15, 10, 13, 16, 12, 11, 19, 14, 19, 12, 17, 17, 10, 16, 16, 17, 18, 17, 11, 17, 14, 10, 10, 12, 10, 19, 19, 13, 10, 18, 11, 14, 13, 15, 16, 16, 17, 10, 13, 17, 14, 16, 10, 14, 15, 14, 16, 10, 12, 14, 17, 18, 15, 19, 18, 11, 17, 14, 17, 10, 12, 13, 17, 13], 10, 70, 67
[12, 18, 12, 14, 18, 19, 16, 19, 15, 17, 18, 14, 15, 15, 15, 12, 19, 16, 17, 13, 12, 16, 13, 15, 13, 10, 16, 13, 18, 15, 14, 17, 11, 19, 10, 19, 19, 13, 14, 11, 11, 19, 13, 12, 11, 11, 14, 12, 13, 15, 10, 18, 17, 11, 19, 12, 19, 19, 18, 11, 12, 15, 19, 17, 18, 11, 13, 10, 10, 11, 13], 10, 70, 68
[17, 15, 10, 15, 18, 11, 11, 15, 19, 17, 11, 17, 17, 18, 13, 12, 17, 11, 10, 15, 16, 19, 19, 14, 13, 17, 11, 11, 18, 11, 11, 12, 19, 16, 14, 15, 12, 10, 16, 10, 15, 18, 19, 16, 12, 16, 18, 19, 19, 14, 16, 11, 19, 14, 10, 15, 18, 14, 14, 12, 12, 10, 17, 17, 10, 19, 18, 15, 16, 11, 15], 10, 70, 69
[19, 10, 16, 17, 12, 11, 18, 18, 10, 16, 10, 19, 14, 15, 13, 10, 19, 16, 18, 11, 16, 18, 10, 13, 11, 10, 13, 15, 19, 12, 14, 17, 19, 11, 12, 11, 11, 16, 16, 19, 16, 11, 14, 13, 12, 14, 18, 18, 17, 18, 15, 12, 19, 13, 11, 17, 13, 11, 11, 15, 17, 13, 10, 18, 18, 19, 18, 18, 10, 15, 15], 10, 70, 70
[17, 13, 18, 14, 14, 14, 14, 13, 10, 13, 11, 18, 16, 15, 16, 15, 18, 14, 19, 19, 15, 14, 12, 16, 14, 14, 17, 13, 13, 18, 18, 10, 14, 12, 12, 14, 16, 15, 17, 16, 13, 15, 12, 16, 12, 15, 10, 13, 18, 15, 19, 13, 18, 19, 10, 12, 13, 11, 14, 18, 13, 11, 17, 16, 16, 19, 15, 19, 12, 14, 19], 10, 70, 71
[15, 11, 10, 14, 16, 18, 19, 18, 16, 18, 14, 12, 13, 13, 13, 19, 12, 16, 14, 12, 10, 15, 12, 15, 13, 15, 15, 19, 19, 11, 18, 10, 14, 12, 12, 18, 17, 10, 13, 19, 12, 10, 18, 10, 16, 15, 17, 15, 18, 17, 15, 16, 19, 19, 17, 13, 13, 11, 15, 17, 11, 14, 16, 17, 16, 11, 10, 13, 16, 11, 12], 10, 70, 72
[11, 16, 14, 10, 16, 15, 19, 11, 14, 19, 18, 18, 19, 11, 17, 19, 13, 17, 15, 19, 12, 18, 18, 11, 17, 10, 14, 18, 15, 11, 15, 18, 14, 11, 15, 15, 13, 13, 11, 18, 17, 13, 11, 12, 15, 16, 10, 15, 13, 12, 15, 18, 12, 11, 19, 14, 18, 16, 12, 15, 15, 17, 10, 11, 14, 17, 16, 12, 14, 17, 19], 10, 70, 73
[11, 15, 19, 10, 19, 18, 17, 14, 14, 16, 10, 19, 11, 11, 10, 19, 16, 17, 12, 14, 13, 16, 17, 19, 18, 13, 17, 15, 16, 15, 13, 13, 15, 13, 10, 15, 18, 15, 17, 13, 12, 16, 12, 10, 14, 19, 14, 10, 17, 14, 12, 10, 14, 18, 16, 11, 13, 12, 16, 18, 18, 14, 19, 12, 17, 14, 10, 15, 18, 15, 13], 10, 70, 74
[18, 11, 14, 18, 12, 19, 14, 11, 19, 11, 14, 16, 12, 15, 17, 12, 14, 10, 11, 18, 19, 18, 18, 15, 15, 12, 12, 13, 15, 18, 19, 12, 14, 10, 17, 16, 16, 19, 17, 12, 13, 11, 13, 12, 13, 18, 16, 14, 12, 13, 13, 13, 18, 17, 19, 19, 12, 18, 12, 17, 12, 16, 10, 19, 10, 14, 14, 11, 16, 17, 13], 10, 70, 75
[13, 12, 14, 14, 14, 18, 16, 16, 18, 14, 18, 13, 18, 16, 13, 14, 15, 19, 13, 17, 16, 17, 18, 14, 19, 13, 19, 18, 18, 12, 19, 19, 10, 11, 19, 15, 19, 15, 18, 12, 15, 15, 10, 14, 11, 16, 12, 12, 16, 18, 15, 14, 19, 11, 12, 13, 12, 17, 12, 13, 14, 15, 15, 16, 12, 18, 18, 16, 17, 10, 16], 10, 70, 76
[16, 12, 18, 17, 14, 14, 19, 16, 14, 13, 10, 14, 15, 17, 13, 18, 10, 11, 13, 15, 15, 12, 18, 10, 12, 19, 12, 11, 19, 19, 18, 12, 14, 13, 17, 12, 18, 10, 17, 16, 18, 10, 15, 10, 18, 12, 11, 11, 16, 10, 19, 14, 12, 11, 15, 12, 12, 15, 18, 16, 10, 13, 13, 11, 15, 10, 18, 13, 13, 15, 19], 10, 70, 77
[18, 11, 14, 19, 13, 11, 15, 17, 12, 19, 16, 12, 18, 12, 19, 13, 13, 13, 10, 13, 11, 19, 12, 14, 17, 14, 18, 17, 10, 18, 13, 14, 15, 18, 11, 18, 18, 14, 10, 11, 12, 17, 16, 11, 19, 16, 17, 14, 10, 16, 13, 11, 14, 18, 10, 18, 10, 14, 16, 16, 14, 10, 12, 16, 18, 18, 15, 14, 19, 12, 12], 10, 70, 78
[13, 16, 13, 17, 19, 11, 13, 17, 18, 17, 16, 18, 13, 14, 14, 16, 11, 14, 11, 17, 10, 18, 18, 14, 16, 18, 16, 14, 17, 13, 17, 12, 16, 10, 19, 11, 12, 14, 12, 19, 15, 15, 17, 16, 14, 12, 11, 10, 18, 14, 15, 10, 18, 13, 16, 12, 11, 10, 18, 19, 12, 11, 16, 14, 12, 14, 10, 17, 11, 12, 18], 10, 70, 79
[13, 16, 19, 15, 16, 18, 19, 16, 11, 10, 15, 16, 17, 11, 16, 11, 13, 19, 11, 17, 11, 14, 18, 11, 19, 13, 15, 19, 12, 11, 18, 13, 19, 18, 17, 18, 12, 14, 17, 14, 18, 16, 19, 15, 12, 12, 15, 17, 14, 11, 13, 17, 11, 17, 11, 16, 15, 14, 13, 17, 10, 18, 18, 14, 13, 11, 19, 14, 19, 15, 19], 10, 70, 80
[12, 10, 12, 14, 13, 14, 14, 11, 11, 16, 18, 18, 18, 10, 13, 18, 18, 13, 19, 14, 16, 18, 16, 17, 10, 15, 16, 12, 10, 10, 18, 14, 17, 12, 12, 16, 14, 13, 18, 19, 15, 16, 15, 12, 17, 13, 12, 14, 18, 10, 11, 15, 10, 16, 17, 19, 15, 13, 18, 17, 18, 15, 19, 11, 19, 19, 14, 17, 13, 16, 16], 10, 70, 81
[18, 11, 13, 12, 17, 19, 16, 17, 11, 11, 10, 13, 10, 18, 15, 18, 13, 17, 18, 19, 15, 11, 15, 17, 18, 19, 12, 10, 14, 10, 10, 17, 19, 17, 16, 15, 17, 11, 12, 11, 14, 17, 12, 10, 11, 16, 13, 14, 18, 18, 13, 17, 17, 10, 16, 13, 14, 15, 11, 11, 12, 19, 11, 13, 18, 11, 10, 19, 12, 10, 19], 10, 70, 82
[15, 10, 14, 13, 18, 14, 15, 16, 10, 13, 15, 14, 15, 18, 12, 19, 18, 16, 13, 13, 18, 16, 11, 17, 19, 16, 19, 16, 10, 15, 13, 10, 19, 17, 19, 14, 18, 12, 12, 15, 16, 16, 16, 19, 12, 11, 17, 14, 17, 15, 18, 18, 15, 14, 12, 14, 12, 14, 18, 11, 10, 17, 19, 12, 19, 18, 13, 15, 18, 10, 15], 10, 70, 83
[19, 12, 13, 12, 16, 13, 15, 12, 17, 12, 17, 10, 14, 15, 18, 12, 10, 10, 16, 13, 19, 11, 17, 11, 11, 12, 19, 13, 14, 17, 13, 17, 10, 18, 13, 16, 11, 11, 11, 11, 18, 12, 12, 13, 12, 18, 14, 15, 17, 18, 19, 11, 14, 14, 13, 18, 13, 19, 17, 18, 15, 18, 11, 14, 12, 19, 10, 19, 10, 15, 10], 10, 70, 84
[12, 12, 10, 19, 12, 11, 11, 14, 14, 18, 14, 12, 18, 16, 16, 17, 13, 11, 12, 17, 18, 11, 15, 17, 15, 18, 19, 17, 17, 14, 14, 17, 19, 14, 16, 17, 16, 17, 10, 19, 12, 13, 17, 15, 10, 10, 17, 18, 12, 17, 17, 14, 16, 17, 11, 17, 19, 12, 17, 17, 18, 18, 15, 15, 17, 12, 16, 12, 12, 19, 11], 10, 70, 85
[13, 18, 10, 14, 12, 18, 17, 19, 18, 19, 17, 18, 17, 16, 15, 15, 10, 13, 14, 11, 19, 19, 14, 19, 16, 13, 18, 12, 15, 10, 14, 11, 11, 10, 11, 19, 12, 14, 15, 19, 14, 11, 14, 16, 11, 19, 14, 11, 11, 12, 13, 12, 15, 10, 18, 14, 18, 13, 10, 12, 18, 18, 16, 15, 14, 19, 10, 16, 14, 14, 18], 10, 70, 86
[12, 10, 14, 15, 10, 11, 13, 13, 17, 12, 10, 12, 13, 13, 17, 17, 18, 17, 19, 10, 19, 13, 14, 18, 19, 10, 12, 14, 14, 14, 15, 10, 19, 10, 16, 14, 11, 15, 15, 15, 16, 17, 16, 16, 10, 14, 17, 16, 19, 19, 17, 16, 13, 19, 10, 16, 13, 14, 13, 13, 10, 18, 13, 17, 10, 11, 15, 14, 11, 16, 11], 10, 70, 87
[14, 11, 18, 11, 19, 17, 16, 16, 14, 14, 13, 10, 17, 10, 10, 18, 11, 12, 11, 19, 11, 19, 12, 11, 18, 16, 16, 11, 13, 17, 12, 14, 14, 19, 19, 16, 19, 17, 17, 16, 11, 13, 19, 16, 17, 18, 16, 14, 13, 11, 12, 15, 12, 10, 18, 10, 13, 14, 18, 17, 18, 10, 12, 18, 11, 14, 15, 18, 12, 19, 15], 10, 70, 88
[12, 17, 13, 10, 11, 11, 17, 14, 12, 12, 13, 16, 15, 19, 11, 16, 17, 10, 19, 11, 13, 13, 13, 13, 16, 16, 11, 11, 16, 12, 10, 15, 12, 10, 12, 16, 11, 17, 12, 14, 17, 19, 12, 12, 19, 16, 18, 11, 14, 10, 13, 17, 14, 13, 19, 12, 19, 12, 10, 13, 13, 10, 11, 15, 17, 16, 10, 13, 15, 15, 17], 10, 70, 89
[19, 12, 13, 15, 12, 16, 10, 19, 14, 12, 15, 13, 15, 13, 17, 19, 11, 11, 16, 14, 14, 11, 10, 15, 11, 12, 10, 15, 10, 13, 19, 17, 18, 14, 16, 16, 16, 12, 11, 16, 14, 16, 11, 16, 16, 18, 17, 15, 11, 12, 13, 14, 11, 17, 12, 16, 10, 10, 10, 15, 10, 13, 17, 12, 17, 18, 17, 18, 18, 10, 13], 10, 70, 90
[18, 10, 13, 14, 16, 15, 17, 17, 13, 17, 18, 17, 18, 14, 14, 13, 17, 13, 10, 11, 11, 13, 14, 11, 14, 19, 16, 18, 18, 17, 16, 12, 13, 15, 15, 16, 13, 13, 16, 15, 18, 17, 14, 11, 13, 14, 17, 19, 14, 16, 14, 10, 12, 19, 10, 14, 17, 19, 11, 18, 15, 17, 16, 16, 13, 14, 17, 11, 16, 16, 14], 10, 70, 91
[12, 15, 18, 13, 16, 14, 13, 17, 17, 12, 14, 11, 10, 18, 10, 17, 12, 16, 17, 15, 18, 17, 15, 19, 12, 18, 14, 16, 18, 16, 10, 11, 18, 15, 14, 12, 17, 18, 17, 13, 12, 18, 18, 15, 11, 15, 17, 11, 16, 17, 13, 16, 13, 18, 16, 16, 13, 18, 13, 14, 16, 19, 12, 11, 13, 15, 11, 19, 18, 10, 10], 10, 70, 92
[19, 15, 13, 18, 17, 19, 10, 12, 11, 10, 15, 10, 19, 11, 11, 10, 15, 18, 13, 11, 13, 13, 18, 12, 10, 14, 11, 10, 19, 17, 12, 12, 14, 16, 12, 15, 12, 16, 18, 18, 14, 17, 17, 19, 10, 17, 12, 11, 15, 19, 16, 18, 13, 13, 16, 11, 11, 19, 19, 17, 18, 12, 17, 14, 13, 18, 18, 16, 10, 11, 19], 10, 70, 93
[13, 10, 17, 14, 18, 19, 17, 10, 11, 19, 12, 17, 13, 11, 13, 12, 16, 19, 11, 18, 10, 15, 16, 16, 14, 18, 12, 12, 10, 14, 10, 17, 11, 14, 17, 13, 18, 15, 13, 18, 13, 19, 17, 17, 10, 19, 13, 15, 12, 14, 16, 19, 13, 18, 12, 10, 16, 14, 10, 17, 12, 11, 16, 18, 13, 13, 19, 17, 18, 18, 15], 10, 70, 94
[11, 11, 11, 19, 14, 15, 16, 12, 17, 12, 11, 10, 18, 13, 17, 17, 14, 10, 13, 16, 17, 17, 13, 15, 18, 12, 18, 18, 12, 16, 12, 12, 15, 10, 15, 16, 17, 15, 19, 19, 15, 15, 17, 13, 18, 14, 10, 17, 17, 14, 19, 11, 12, 19, 13, 16, 13, 12, 16, 18, 10, 13, 18, 15, 10, 19, 16, 12, 17, 12, 13], 10, 70, 95
[14, 18, 11, 15, 14, 15, 16, 14, 16, 10, 15, 15, 12, 16, 11, 13, 11, 11, 15, 15, 13, 12, 10, 18, 14, 17, 15, 12, 15, 18, 15, 12, 15, 13, 18, 10, 11, 13, 13, 12, 16, 14, 13, 17, 12, 10, 19, 14, 10, 12, 15, 12, 13, 18, 14, 15, 10, 19, 11, 16, 15, 19, 15, 15, 18, 10, 19, 12, 18, 10, 18], 10, 70, 96
[13, 13, 12, 11, 18, 14, 11, 18, 10, 12, 10, 16, 16, 19, 10, 17, 14, 18, 11, 19, 19, 18, 14, 19, 17, 10, 11, 15, 10, 18, 11, 18, 15, 17, 15, 18, 10, 12, 19, 16, 13, 12, 15, 15, 14, 10, 13, 18, 12, 13, 12, 14, 19, 13, 11, 15, 19, 10, 11, 10, 18, 11, 13, 19, 12, 13, 18, 11, 12, 11, 19], 10, 70, 97
[19, 16, 18, 15, 13, 17, 18, 14, 15, 11, 19, 10, 18, 19, 17, 11, 17, 17, 18, 11, 17, 13, 12, 10, 10, 17, 12, 13, 11, 16, 13, 14, 12, 17, 18, 10, 14, 19, 17, 13, 11, 13, 14, 18, 19, 15, 14, 11, 16, 13, 12, 10, 12, 12, 18, 13, 11, 18, 16, 13, 14, 12, 19, 12, 18, 17, 16, 11, 17, 15, 17], 10, 70, 98
[14, 17, 12, 12, 17, 19, 12, 15, 16, 13, 13, 10, 10, 19, 19, 18, 13, 17, 11, 17, 10, 16, 19, 12, 18, 15, 13, 18, 16, 19, 14, 18, 17, 16, 18, 11, 16, 19, 14, 11, 18, 12, 16, 12, 17, 13, 11, 11, 11, 19, 13, 14, 15, 17, 16, 16, 10, 19, 18, 13, 13, 18, 12, 16, 19, 11, 15, 13, 10, 14, 12], 10, 70, 99
[18, 16, 15, 14, 18, 11, 15, 16, 11, 11, 15, 12, 11, 11, 15, 18, 13, 19, 14, 14, 16, 18, 17, 11, 19, 12, 11, 13, 15, 12, 17, 19, 16, 14, 10, 16, 13, 11, 19, 18, 10, 17, 11, 17, 13, 18, 12, 10, 15, 15, 17, 10, 10, 13, 14, 12, 10, 13, 13, 10, 13, 12, 16, 17, 19, 17, 19, 19, 15, 10, 19, 13, 18, 12, 13, 10, 16, 18, 14, 12, 18], 10, 80, 0
[15, 16, 15, 11, 16, 18, 18, 19, 12, 12, 16, 19, 18, 19, 15, 16, 13, 19, 18, 15, 17, 16, 10, 10, 11, 11, 17, 10, 12, 12, 11, 10, 14, 16, 15, 13, 12, 11, 18, 19, 17, 14, 19, 15, 19, 17, 17, 10, 18, 19, 10, 15, 11, 12, 12, 14, 18, 12, 14, 19, 11, 10, 13, 13, 12, 16, 16, 18, 10, 11, 14, 19, 19, 18, 19, 11, 11, 12, 12, 12, 19], 10, 80, 1
[14, 10, 13, 14, 10, 16, 15, 12, 19, 10, 15, 17, 16, 19, 16, 13, 12, 17, 11, 19, 11, 16, 15, 11, 10, 12, 13, 14, 13, 17, 12, 16, 10, 16, 13, 10, 16, 14, 18, 13, 10, 17, 18, 13, 19, 10, 16, 17, 11, 11, 17, 18, 18, 12, 14, 14, 14, 19, 15, 11, 10, 13, 12, 12, 15, 14, 16, 16, 14, 15, 14, 14, 15, 13, 15, 12, 13, 16, 10, 12, 18], 10, 80, 2
[17, 14, 12, 15, 19, 11, 12, 15, 13, 13, 13, 16, 15, 18, 10, 14, 10, 14, 16, 12, 17, 13, 10, 17, 15, 15, 18, 15, 15, 17, 10, 17, 16, 15, 18, 19, 15, 10, 10, 15, 15, 10, 11, 15, 18, 13, 16, 11, 10, 15, 18, 15, 14, 18, 15, 15, 19, 11, 15, 13, 12, 13, 19, 10, 15, 16, 18, 10, 13, 10, 11, 19, 11, 11, 14, 13, 13, 12, 12, 12, 10], 10, 80, 3
[12, 13, 11, 17, 16, 15, 18, 18, 13, 10, 15, 17, 11, 11, 19, 12, 15, 13, 18, 16, 12, 17, 18, 11, 12, 14, 19, 16, 10, 19, 16, 12, 13, 18, 18, 15, 10, 17, 17, 16, 17, 19, 17, 16, 14, 17, 17, 12, 11, 13, 12, 17, 10, 17, 12, 13, 19, 17, 15, 16, 19, 18, 14, 13, 13, 17, 12, 14, 17, 16, 18, 11, 10, 16, 13, 13, 18, 17, 14, 15, 11], 10, 80, 4
[13, 13, 14, 17, 18, 13, 10, 18, 11, 10, 15, 15, 11, 19, 19, 14, 17, 16, 14, 11, 16, 13, 11, 10, 18, 15, 14, 19, 17, 13, 11, 11, 10, 10, 12, 13, 14, 10, 17, 13, 11, 11, 18, 17, 10, 10, 15, 16, 14, 18, 13, 10, 10, 11, 13, 12, 13, 16, 17, 18, 14, 12, 19, 10, 16, 16, 13, 16, 13, 13, 10, 16, 10, 11, 14, 11, 17, 13, 14, 10, 17], 10, 80, 5
[17, 11, 15, 14, 11, 10, 12, 14, 13, 10, 19, 15, 13, 16, 14, 14, 17, 17, 17, 17, 18, 16, 17, 15, 17, 11, 18, 16, 12, 17, 11, 11, 10, 11, 18, 18, 18, 15, 13, 12, 11, 13, 16, 19, 16, 13, 11, 17, 14, 17, 19, 17, 16, 15, 18, 18, 19, 16, 16, 19, 17, 13, 11, 10, 15, 10, 14, 13, 12, 15, 14, 14, 12, 17, 18, 14, 15, 13, 13, 15, 17], 10, 80, 6
[15, 19, 14, 13, 18, 12, 16, 14, 10, 15, 16, 15, 13, 15, 16, 10, 15, 10, 17, 19, 13, 13, 17, 18, 10, 17, 10, 15, 12, 16, 18, 10, 14, 16, 15, 19, 19, 13, 16, 17, 13, 14, 12, 13, 10, 13, 14, 10, 18, 11, 14, 11, 13, 11, 13, 18, 14, 16, 19, 10, 19, 13, 14, 13, 14, 16, 10, 16, 13, 10, 15, 17, 14, 14, 15, 13, 16, 10, 15, 10, 19], 10, 80, 7
[15, 14, 12, 12, 11, 14, 14, 13, 19, 18, 10, 19, 18, 14, 12, 14, 14, 14, 15, 18, 18, 11, 14, 14, 18, 18, 15, 11, 13, 18, 16, 18, 12, 10, 18, 12, 11, 14, 13, 10, 11, 15, 10, 15, 16, 13, 16, 16, 15, 11, 15, 11, 13, 18, 19, 19, 10, 14, 17, 14, 17, 10, 14, 11, 12, 15, 18, 17, 19, 19, 16, 12, 19, 12, 11, 15, 15, 11, 10, 16, 14], 10, 80, 8
[17, 10, 19, 14, 16, 18, 17, 16, 11, 19, 18, 15, 16, 10, 17, 14, 17, 10, 14, 13, 16, 11, 15, 13, 10, 19, 18, 16, 19, 18, 18, 15, 11, 12, 13, 18, 10, 15, 13, 16, 14, 14, 14, 14, 19, 17, 18, 13, 12, 10, 13, 10, 16, 14, 15, 19, 15, 15, 15, 18, 15, 16, 16, 17, 17, 11, 19, 18, 14, 14, 13, 15, 18, 13, 15, 14, 10, 17, 15, 17, 14], 10, 80, 9
[18, 10, 13, 12, 11, 17, 14, 18, 12, 11, 19, 12, 16, 11, 15, 18, 11, 16, 13, 10, 16, 14, 15, 14, 17, 13, 18, 15, 14, 16, 19, 18, 16, 14, 12, 13, 15, 11, 14, 15, 19, 16, 10, 19, 10, 16, 19, 10, 17, 13, 17, 13, 16, 12, 19, 11, 15, 11, 19, 10, 11, 10, 12, 14, 11, 17, 11, 16, 18, 15, 19, 12, 11, 10, 10, 19, 10, 12, 19, 19, 17], 10, 80, 10
[11, 10, 19, 14, 16, 18, 18, 19, 14, 11, 12, 10, 12, 16, 15, 14, 13, 13, 11, 15, 14, 14, 14, 15, 10, 12, 17, 11, 15, 13, 14, 14, 16, 10, 12, 19, 17, 13, 10, 10, 10, 18, 15, 15, 12, 15, 17, 10, 10, 18, 10, 17, 13, 13, 12, 19, 19, 15, 15, 13, 16, 13, 19, 16, 19, 16, 19, 19, 10, 15, 14, 11, 13, 14, 11, 14, 10, 14, 16, 19, 10], 10, 80, 11
[19, 10, 18, 12, 14, 13, 17, 17, 15, 18, 18, 15, 10, 16, 19, 10, 13, 12, 13, 18, 11, 14, 16, 15, 17, 10, 11, 17, 12, 17, 14, 17, 15, 12, 15, 19, 17, 17, 16, 15, 15, 15, 12, 12, 17, 19, 18, 10, 17, 17, 12, 17, 18, 19, 10, 14, 11, 10, 13, 15, 18, 12, 13, 10, 16, 16, 17, 11, 13, 12, 12, 15, 15, 15, 19, 11, 18, 10, 15, 17, 16], 10, 80, 12
[17, 16, 18, 17, 11, 18, 17, 17, 14, 12, 10, 17, 16, 15, 12, 14, 15, 17, 17, 16, 19, 18, 17, 18, 19, 17, 12, 14, 16, 12, 14, 13, 14, 13, 15, 18, 16, 17, 11, 13, 19, 11, 16, 10, 18, 10, 16, 10, 14, 13, 19, 12, 12, 17, 13, 17, 14, 19, 14, 16, 13, 17, 11, 14, 10, 14, 15, 11, 19, 17, 18, 11, 10, 18, 14, 15, 10, 12, 19, 17, 14], 10, 80, 13
[15, 10, 19, 14, 13, 10, 13, 17, 15, 13, 13, 10, 13, 17, 15, 11, 17, 11, 11, 13, 13, 15, 11, 12, 13, 18, 18, 12, 12, 15, 11, 18, 12, 11, 15, 16, 16, 15, 10, 14, 10, 15, 12, 11, 13, 18, 13, 17, 18, 14, 13, 10, 19, 15, 16, 11, 11, 18, 15, 13, 13, 13, 16, 11, 13, 14, 18, 11, 19, 15, 18, 19, 10, 16, 12, 12, 18, 15, 19, 16, 11], 10, 80, 14
[15, 16, 13, 14, 11, 19, 10, 10, 18, 15, 10, 13, 18, 16, 16, 18, 13, 17, 14, 18, 14, 16, 18, 12, 17, 11, 19, 15, 16, 13, 18, 18, 11, 14, 13, 12, 12, 12, 14, 11, 13, 16, 11, 13, 14, 13, 16, 13, 15, 11, 19, 13, 12, 13, 18, 16, 13, 19, 11, 13, 16, 15, 13, 11, 17, 14, 19, 11, 18, 12, 15, 16, 12, 17, 16, 19, 13, 11, 17, 18, 11], 10, 80, 15
[13, 19, 14, 16, 15, 18, 18, 12, 18, 12, 11, 15, 15, 11, 15, 11, 13, 14, 14, 11, 10, 19, 13, 14, 14, 15, 10, 12, 17, 16, 15, 17, 11, 15, 11, 18, 13, 10, 16, 17, 10, 13, 12, 13, 19, 12, 16, 16, 15, 12, 10, 10, 19, 10, 17, 10, 17, 12, 10, 12, 19, 19, 13, 15, 13, 13, 17, 10, 18, 14, 12, 11, 13, 18, 19, 10, 11, 11, 13, 14, 11], 10, 80, 16
[10, 12, 16, 18, 14, 19, 19, 19, 10, 16, 13, 13, 15, 11, 10, 12, 15, 18, 12, 17, 10, 11, 15, 14, 15, 14, 18, 10, 15, 17, 19, 13, 11, 10, 15, 17, 15, 13, 10, 10, 14, 15, 11, 18, 11, 12, 10, 18, 17, 17, 12, 18, 17, 15, 19, 16, 19, 14, 13, 15, 15, 16, 13, 12, 12, 18, 11, 14, 14, 18, 11, 12, 11, 17, 11, 10, 10, 16, 17, 17, 10], 10, 80, 17
[16, 12, 15, 11, 14, 19, 11, 17, 13, 16, 14, 10, 13, 14, 18, 11, 11, 19, 11, 16, 15, 17, 17, 12, 19, 18, 12, 19, 11, 18, 11, 19, 16, 13, 17, 13, 19, 19, 14, 19, 10, 12, 11, 18, 11, 15, 14, 18, 10, 18, 16, 13, 16, 14, 11, 14, 17, 15, 14, 15, 11, 17, 13, 14, 11, 11, 19, 15, 19, 14, 12, 13, 12, 16, 10, 13, 12, 11, 14, 15, 14], 10, 80, 18
[12, 12, 10, 15, 14, 15, 10, 19, 17, 17, 16, 11, 13, 19, 15, 16, 15, 15, 16, 14, 17, 19, 13, 19, 19, 10, 12, 11, 15, 13, 16, 17, 15, 13, 18, 14, 16, 10, 11, 17, 18, 16, 15, 11, 19, 13, 17, 19, 17, 15, 12, 11, 17, 19, 14, 12, 18, 14, 18, 19, 17, 12, 17, 15, 17, 19, 10, 15, 11, 17, 19, 11, 19, 18, 13, 15, 12, 14, 10, 11, 18], 10, 80, 19
[14, 19, 13, 14, 10, 11, 17, 16, 19, 18, 17, 12, 19, 14, 15, 17, 17, 19, 17, 15, 18, 17, 13, 10, 13, 17, 19, 12, 15, 12, 14, 14, 17, 18, 10, 18, 10, 12, 11, 17, 11, 14, 12, 19, 13, 13, 13, 17, 16, 19, 13, 17, 16, 12, 18, 18, 12, 14, 14, 17, 12, 10, 18, 11, 19, 12, 10, 12, 12, 15, 13, 17, 12, 19, 13, 17, 17, 10, 10, 13, 18], 10, 80, 20
[10, 12, 17, 16, 11, 19, 18, 14, 12, 18, 16, 11, 19, 11, 14, 12, 12, 19, 17, 12, 18, 12, 19, 14, 10, 16, 14, 12, 11, 10, 12, 10, 13, 19, 17, 12, 19, 16, 10, 14, 19, 14, 16, 18, 15, 14, 18, 14, 16, 19, 11, 15, 19, 12, 12, 11, 19, 16, 17, 19, 10, 15, 18, 11, 10, 16, 19, 10, 19, 19, 13, 16, 14, 15, 18, 10, 18, 11, 14, 12, 11], 10, 80, 21
[10, 16, 13, 18, 13, 17, 16, 11, 17, 19, 13, 14, 19, 15, 15, 10, 12, 15, 12, 14, 17, 13, 14, 16, 12, 12, 18, 15, 15, 19, 13, 17, 18, 19, 17, 17, 19, 17, 12, 19, 18, 16, 18, 18, 13, 19, 17, 18, 12, 19, 12, 17, 17, 14, 10, 13, 15, 14, 13, 14, 19, 11, 11, 10, 10, 14, 19, 10, 10, 14, 17, 17, 19, 12, 17, 16, 17, 18, 11, 19, 15], 10, 80, 22
[11, 14, 17, 19, 14, 18, 17, 14, 10, 10, 12, 18, 10, 17, 18, 11, 15, 17, 14, 18, 11, 15, 13, 15, 16, 19, 14, 15, 17, 11, 18, 13, 13, 18, 10, 15, 10, 11, 19, 17, 12, 18, 13, 15, 13, 17, 10, 19, 19, 17, 15, 15, 16, 18, 14, 18, 19, 16, 12, 18, 19, 16, 13, 18, 16, 19, 17, 14, 15, 15, 10, 13, 19, 11, 11, 11, 17, 15, 11, 14, 11], 10, 80, 23
[18, 17, 13, 16, 19, 14, 11, 17, 12, 12, 13, 15, 17, 18, 15, 10, 15, 17, 17, 13, 18, 15, 17, 18, 13, 16, 15, 17, 17, 15, 19, 17, 14, 16, 14, 11, 11, 12, 13, 15, 19, 16, 11, 15, 18, 11, 12, 11, 10, 12, 15, 18, 14, 18, 15, 15, 17, 16, 17, 11, 14, 14, 13, 19, 14, 16, 19, 13, 13, 14, 19, 18, 18, 10, 15, 11, 15, 19, 15, 17, 18], 10, 80, 24
[14, 12, 15, 10, 11, 12, 12, 11, 15, 19, 10, 11, 18, 19, 18, 10, 10, 19, 18, 18, 15, 19, 16, 10, 15, 19, 11, 14, 15, 18, 10, 18, 13, 13, 15, 11, 14, 11, 12, 14, 10, 10, 19, 12, 17, 10, 10, 17, 19, 15, 15, 15, 18, 13, 11, 17, 13, 19, 16, 12, 19, 17, 13, 14, 12, 12, 12, 14, 17, 15, 19, 10, 18, 18, 16, 12, 16, 15, 18, 17, 15], 10, 80, 25
[18, 14, 10, 18, 12, 15, 14, 16, 17, 19, 13, 19, 16, 12, 14, 15, 18, 10, 10, 18, 18, 13, 14, 10, 11, 12, 16, 19, 11, 12, 16, 12, 18, 15, 11, 17, 12, 15, 15, 11, 15, 13, 16, 10, 16, 18, 15, 18, 13, 11, 16, 14, 11, 13, 13, 15, 17, 18, 13, 10, 13, 11, 17, 16, 11, 17, 17, 12, 12, 11, 19, 19, 16, 19, 11, 14, 14, 19, 19, 18, 15], 10, 80, 26
[12, 11, 16, 17, 10, 13, 13, 17, 14, 11, 15, 17, 12, 18, 14, 19, 15, 10, 13, 13, 18, 13, 15, 15, 11, 14, 13, 11, 10, 15, 14, 16, 15, 19, 17, 14, 16, 11, 10, 18, 18, 19, 10, 14, 12, 16, 14, 18, 13, 15, 15, 16, 18, 12, 16, 16, 18, 16, 15, 15, 15, 18, 13, 15, 12, 10, 19, 15, 16, 13, 15, 18, 19, 12, 16, 12, 19, 15, 19, 16, 10], 10, 80, 27
[13, 18, 13, 12, 12, 17, 16, 19, 14, 19, 14, 19, 14, 11, 10, 18, 10, 17, 18, 16, 17, 16, 13, 17, 11, 16, 19, 12, 12, 16, 19, 10, 13, 16, 19, 14, 17, 12, 16, 17, 10, 13, 19, 16, 18, 12, 11, 18, 11, 15, 12, 18, 10, 16, 12, 15, 12, 19, 16, 17, 18, 18, 16, 12, 15, 14, 12, 18, 10, 14, 13, 14, 12, 11, 12, 13, 14, 13, 16, 16, 12], 10, 80, 28
[13, 11, 19, 11, 11, 13, 11, 17, 18, 15, 15, 15, 15, 11, 19, 15, 16, 17, 10, 15, 19, 13, 12, 18, 12, 16, 19, 18, 10, 14, 14, 13, 11, 18, 15, 19, 17, 19, 18, 16, 15, 14, 12, 14, 15, 18, 11, 13, 12, 15, 15, 15, 19, 11, 17, 16, 15, 17, 19, 14, 13, 11, 18, 19, 19, 18, 14, 17, 16, 13, 14, 13, 18, 16, 16, 16, 10, 16, 11, 13, 10], 10, 80, 29
[19, 15, 13, 11, 12, 11, 11, 11, 14, 14, 16, 12, 16, 19, 10, 13, 13, 11, 10, 14, 11, 16, 11, 15, 11, 17, 10, 18, 16, 16, 12, 18, 13, 13, 15, 10, 10, 13, 15, 10, 13, 14, 18, 13, 12, 16, 15, 19, 14, 12, 13, 18, 10, 15, 18, 11, 12, 10, 19, 16, 18, 14, 17, 17, 11, 17, 19, 13, 15, 17, 15, 12, 11, 13, 17, 10, 19, 15, 16, 16, 10], 10, 80, 30
[11, 14, 16, 12, 19, 18, 15, 12, 10, 15, 11, 14, 13, 13, 19, 14, 11, 11, 10, 11, 16, 12, 17, 14, 12, 18, 11, 17, 11, 15, 16, 13, 10, 15, 16, 11, 15, 10, 18, 13, 13, 16, 12, 15, 17, 19, 10, 13, 12, 13, 11, 16, 16, 13, 18, 15, 19, 11, 15, 15, 16, 17, 19, 15, 19, 16, 11, 18, 19, 13, 19, 13, 14, 10, 18, 14, 12, 18, 12, 13, 14], 10, 80, 31
[18, 19, 19, 15, 17, 18, 15, 17, 13, 13, 17, 12, 17, 11, 11, 12, 19, 16, 15, 10, 10, 13, 10, 18, 13, 14, 15, 14, 14, 18, 16, 11, 18, 15, 10, 18, 12, 11, 11, 17, 16, 12, 15, 17, 15, 11, 13, 15, 17, 15, 13, 17, 19, 10, 11, 19, 12, 16, 12, 18, 17, 11, 19, 13, 11, 13, 12, 19, 14, 18, 15, 16, 15, 15, 11, 18, 12, 12, 17, 14, 11], 10, 80, 32
[15, 12, 10, 16, 17, 12, 16, 15, 15, 17, 17, 19, 17, 15, 14, 10, 12, 13, 16, 15, 17, 16, 11, 11, 10, 17, 15, 15, 11, 15, 10, 11, 10, 12, 10, 14, 16, 16, 10, 16, 18, 10, 13, 18, 19, 12, 11, 13, 12, 11, 16, 11, 19, 12, 19, 13, 17, 14, 12, 19, 14, 18, 17, 14, 10, 15, 14, 16, 18, 11, 11, 10, 10, 19, 13, 14, 12, 14, 11, 17, 11], 10, 80, 33
[14, 19, 15, 17, 19, 18, 12, 18, 15, 14, 17, 11, 14, 14, 18, 17, 15, 11, 16, 15, 15, 19, 10, 12, 15, 16, 13, 10, 19, 11, 10, 12, 19, 14, 12, 18, 14, 11, 15, 16, 10, 19, 16, 14, 15, 11, 15, 16, 13, 10, 10, 10, 10, 19, 19, 15, 13, 19, 19, 12, 13, 11, 19, 12, 13, 15, 12, 17, 15, 19, 18, 11, 11, 17, 19, 10, 11, 12, 19, 13, 18], 10, 80, 34
[17, 13, 19, 16, 19, 10, 19, 10, 13, 17, 14, 12, 10, 16, 18, 11, 16, 18, 14, 12, 10, 14, 16, 19, 12, 12, 17, 13, 14, 16, 15, 18, 14, 15, 15, 10, 10, 10, 18, 16, 16, 19, 12, 11, 15, 12, 18, 15, 13, 15, 14, 18, 19, 12, 12, 12, 14, 12, 14, 13, 10, 11, 16, 17, 13, 12, 11, 12, 11, 11, 16, 10, 10, 12, 19, 14, 18, 10, 12, 13, 18], 10, 80, 35
[16, 19, 11, 18, 15, 16, 11, 19, 15, 15, 12, 15, 10, 10, 16, 11, 14, 12, 12, 17, 16, 15, 16, 14, 17, 16, 16, 13, 13, 14, 12, 16, 12, 18, 14, 18, 14, 16, 18, 15, 11, 16, 19, 13, 19, 17, 16, 13, 16, 18, 18, 16, 10, 13, 14, 14, 12, 14, 12, 16, 16, 19, 10, 13, 11, 14, 17, 19, 13, 15, 11, 13, 12, 10, 13, 17, 14, 18, 13, 11, 15], 10, 80, 36
[19, 12, 13, 12, 11, 14, 16, 11, 13, 12, 16, 12, 16, 10, 12, 12, 16, 18, 13, 13, 14, 14, 11, 18, 13, 19, 12, 12, 13, 15, 12, 17, 18, 11, 15, 16, 12, 16, 13, 11, 18, 10, 15, 15, 11, 12, 19, 11, 16, 19, 15, 19, 16, 14, 15, 12, 16, 14, 11, 19, 18, 10, 19, 10, 19, 11, 17, 14, 16, 10, 14, 14, 19, 14, 16, 11, 17, 18, 17, 12, 14], 10, 80, 37
[18, 14, 15, 13, 15, 14, 14, 16, 17, 11, 13, 11, 17, 17, 16, 11, 12, 12, 10, 12, 16, 17, 10, 15, 14, 10, 17, 16, 17, 12, 13, 14, 10, 19, 16, 17, 10, 17, 13, 14, 12, 13, 12, 18, 10, 11, 18, 13, 11, 11, 11, 14, 11, 10, 14, 16, 19, 19, 18, 12, 10, 12, 18, 17, 18, 14, 15, 19, 13, 18, 19, 10, 16, 10, 18, 15, 13, 16, 10, 19, 19], 10, 80, 38
[16, 14, 16, 18, 15, 14, 16, 17, 10, 10, 19, 10, 11, 16, 19, 14, 12, 18, 11, 18, 18, 18, 16, 18, 13, 17, 15, 14, 14, 13, 13, 10, 15, 14, 15, 12, 19, 12, 14, 17, 10, 15, 10, 18, 10, 17, 11, 18, 11, 13, 16, 19, 14, 14, 12, 14, 17, 18, 16, 10, 16, 17, 16, 15, 11, 16, 15, 13, 11, 14, 18, 11, 13, 14, 18, 13, 10, 19, 18, 17, 15], 10, 80, 39
[14, 15, 13, 18, 10, 14, 13, 18, 11, 15, 10, 14, 10, 11, 13, 16, 15, 16, 11, 11, 16, 12, 19, 15, 14, 19, 17, 16, 15, 18, 12, 11, 16, 17, 11, 19, 10, 11, 15, 13, 12, 10, 14, 12, 16, 11, 15, 14, 19, 10, 13, 17, 13, 19, 11, 18, 11, 11, 11, 18, 16, 11, 14, 11, 14, 12, 10, 19, 12, 19, 14, 15, 13, 13, 18, 17, 11, 13, 17, 13, 10], 10, 80, 40
[18, 11, 11, 16, 19, 10, 18, 12, 18, 14, 19, 10, 15, 15, 15, 19, 15, 13, 13, 17, 18, 18, 18, 19, 16, 17, 19, 19, 14, 18, 12, 18, 17, 11, 16, 12, 12, 15, 11, 15, 19, 18, 15, 16, 11, 15, 16, 17, 17, 10, 11, 16, 13, 15, 10, 13, 11, 13, 15, 14, 11, 16, 11, 14, 11, 18, 18, 10, 15, 17, 10, 10, 14, 14, 16, 17, 11, 14, 14, 12, 17], 10, 80, 41
[14, 17, 10, 17, 16, 10, 10, 15, 14, 10, 14, 18, 15, 17, 13, 14, 10, 18, 15, 11, 10, 19, 19, 15, 18, 15, 12, 16, 11, 11, 12, 14, 18, 10, 11, 16, 10, 13, 19, 19, 13, 14, 18, 12, 16, 11, 17, 10, 12, 16, 11, 18, 18, 16, 10, 13, 13, 14, 16, 13, 11, 19, 13, 14, 12, 14, 15, 13, 12, 12, 16, 16, 16, 19, 12, 15, 18, 10, 16, 18, 12], 10, 80, 42
[16, 10, 10, 15, 15, 17, 15, 18, 19, 19, 12, 15, 17, 11, 17, 14, 15, 17, 15, 14, 16, 11, 15, 14, 17, 10, 10, 15, 19, 13, 16, 16, 13, 13, 17, 18, 12, 13, 17, 19, 14, 15, 13, 19, 13, 14, 19, 10, 13, 16, 11, 12, 17, 16, 18, 10, 17, 15, 14, 14, 12, 10, 13, 14, 19, 16, 17, 15, 17, 12, 14, 10, 17, 16, 15, 13, 11, 13, 13, 12, 18], 10, 80, 43
[15, 18, 18, 12, 15, 16, 14, 12, 14, 11, 18, 16, 15, 12, 13, 16, 18, 18, 14, 18, 15, 16, 17, 16, 11, 12, 11, 17, 15, 15, 18, 18, 19, 15, 10, 11, 18, 10, 16, 15, 10, 15, 13, 18, 17, 10, 14, 18, 17, 18, 19, 18, 11, 12, 11, 13, 18, 18, 13, 19, 10, 16, 15, 12, 14, 10, 14, 17, 13, 19, 12, 18, 12, 16, 12, 10, 13, 13, 14, 16, 16], 10, 80, 44
[19, 14, 16, 16, 13, 10, 17, 18, 14, 18, 16, 15, 17, 18, 16, 12, 12, 16, 12, 10, 15, 15, 11, 14, 17, 11, 15, 19, 13, 19, 12, 16, 19, 17, 10, 15, 19, 17, 16, 17, 12, 15, 14, 11, 13, 15, 18, 10, 15, 15, 15, 18, 19, 10, 19, 17, 12, 11, 19, 11, 11, 12, 10, 16, 12, 12, 16, 11, 11, 19, 16, 14, 11, 19, 13, 18, 17, 10, 13, 16, 18], 10, 80, 45
[11, 15, 10, 19, 15, 13, 10, 13, 10, 15, 15, 13, 16, 16, 12, 19, 10, 11, 13, 14, 16, 12, 14, 18, 10, 17, 16, 16, 19, 10, 18, 12, 14, 14, 18, 13, 14, 14, 16, 15, 18, 14, 14, 10, 16, 10, 14, 16, 12, 19, 10, 18, 12, 15, 10, 10, 15, 14, 15, 11, 14, 14, 12, 16, 11, 19, 11, 10, 17, 12, 19, 17, 14, 19, 19, 18, 16, 13, 19, 13, 10], 10, 80, 46
[18, 18, 11, 14, 13, 14, 17, 12, 11, 19, 12, 16, 10, 16, 14, 13, 15, 19, 17, 10, 14, 13, 14, 16, 16, 12, 10, 11, 13, 10, 11, 14, 17, 16, 16, 19, 16, 13, 13, 14, 17, 12, 12, 15, 14, 13, 12, 19, 12, 16, 14, 16, 18, 13, 10, 12, 13, 12, 18, 12, 11, 11, 15, 15, 19, 10, 16, 18, 14, 17, 11, 11, 19, 16, 10, 10, 14, 16, 13, 15, 19], 10, 80, 47
[10, 16, 15, 14, 17, 17, 18, 15, 12, 15, 12, 10, 17, 16, 13, 12, 13, 10, 19, 12, 19, 18, 14, 12, 10, 10, 12, 18, 16, 12, 15, 12, 19, 17, 13, 11, 10, 13, 19, 15, 19, 11, 19, 13, 11, 13, 15, 11, 10, 10, 14, 14, 16, 11, 17, 19, 15, 18, 19, 16, 11, 16, 18, 15, 16, 17, 16, 11, 17, 15, 10, 10, 14, 17, 17, 13, 17, 16, 12, 10, 12], 10, 80, 48
[19, 10, 16, 16, 13, 10, 13, 10, 13, 15, 10, 17, 17, 10, 16, 10, 15, 12, 18, 19, 18, 17, 17, 14, 12, 12, 11, 11, 14, 13, 18, 10, 10, 16, 12, 12, 11, 13, 10, 16, 11, 12, 18, 15, 19, 19, 17, 11, 12, 18, 11, 12, 11, 15, 19, 19, 13, 17, 14, 14, 10, 13, 12, 14, 14, 10, 16, 19, 10, 19, 10, 12, 12, 12, 19, 15, 19, 10, 16, 14, 13], 10, 80, 49
[19, 17, 11, 17, 17, 10, 16, 19, 11, 15, 18, 18, 18, 16, 19, 15, 19, 13, 11, 12, 16, 11, 12, 12, 11, 11, 10, 17, 13, 19, 14, 12, 11, 19, 16, 14, 10, 15, 14, 15, 17, 16, 16, 17, 11, 11, 14, 17, 10, 13, 12, 13, 11, 14, 18, 15, 11, 14, 10, 17, 11, 18, 13, 13, 19, 11, 18, 17, 14, 17, 11, 14, 15, 18, 16, 17, 14, 19, 19, 13, 13], 10, 80, 50
[17, 13, 10, 10, 19, 11, 12, 11, 17, 13, 12, 17, 11, 16, 16, 12, 12, 19, 13, 12, 14, 17, 18, 19, 10, 19, 19, 17, 17, 14, 13, 18, 14, 16, 12, 10, 13, 15, 11, 13, 16, 19, 13, 15, 15, 12, 14, 18, 12, 10, 19, 16, 12, 12, 12, 18, 10, 17, 14, 14, 19, 11, 17, 19, 10, 10, 10, 18, 17, 12, 18, 11, 15, 13, 11, 19, 14, 16, 11, 15, 15], 10, 80, 51
[16, 12, 10, 19, 12, 13, 13, 15, 12, 10, 17, 16, 16, 11, 11, 15, 19, 19, 19, 11, 18, 10, 16, 15, 19, 13, 11, 15, 13, 18, 11, 15, 17, 15, 13, 10, 10, 19, 16, 14, 17, 14, 17, 13, 10, 13, 17, 16, 12, 10, 18, 15, 11, 18, 12, 12, 18, 19, 17, 17, 19, 13, 15, 11, 15, 19, 18, 18, 10, 11, 12, 17, 17, 16, 15, 18, 13, 19, 19, 15, 15], 10, 80, 52
[18, 18, 10, 18, 12, 12, 12, 17, 15, 14, 13, 18, 12, 15, 18, 13, 14, 15, 18, 18, 18, 17, 14, 15, 10, 19, 19, 13, 11, 15, 19, 15, 10, 16, 18, 12, 10, 13, 13, 16, 16, 18, 18, 18, 18, 18, 16, 16, 19, 13, 16, 13, 15, 18, 19, 17, 15, 13, 10, 14, 10, 13, 18, 17, 10, 19, 15, 19, 19, 11, 11, 12, 13, 17, 10, 17, 11, 15, 19, 10, 15], 10, 80, 53
[11, 19, 18, 16, 12, 13, 18, 17, 18, 16, 10, 15, 16, 15, 10, 17, 10, 11, 10, 16, 13, 12, 18, 10, 17, 18, 17, 15, 19, 10, 13, 17, 14, 10, 13, 11, 19, 14, 14, 11, 12, 15, 11, 11, 10, 15, 17, 17, 15, 15, 19, 17, 16, 18, 19, 15, 16, 14, 10, 15, 17, 15, 15, 10, 11, 19, 12, 16, 18, 14, 13, 14, 11, 13, 13, 11, 16, 17, 14, 11, 17], 10, 80, 54
[18, 18, 13, 10, 11, 10, 16, 10, 17, 17, 18, 12, 14, 11, 19, 16, 15, 14, 15, 17, 19, 18, 17, 14, 13, 12, 18, 10, 19, 14, 11, 11, 12, 16, 17, 10, 19, 14, 17, 12, 16, 14, 13, 19, 13, 18, 10, 13, 17, 19, 18, 19, 15, 14, 11, 19, 10, 19, 14, 16, 14, 13, 14, 14, 10, 13, 10, 14, 17, 15, 11, 16, 12, 13, 10, 15, 18, 17, 13, 18, 11], 10, 80, 55
[12, 12, 17, 17, 12, 18, 17, 18, 13, 12, 16, 13, 18, 10, 12, 17, 12, 11, 12, 15, 18, 11, 19, 11, 18, 10, 11, 14, 11, 17, 16, 15, 11, 14, 19, 11, 15, 11, 14, 11, 10, 19, 13, 17, 19, 18, 13, 12, 10, 11, 19, 18, 13, 15, 11, 16, 15, 11, 11, 19, 18, 12, 16, 10, 19, 18, 14, 16, 15, 19, 14, 13, 14, 14, 17, 11, 15, 17, 11, 12, 10], 10, 80, 56
[16, 13, 10, 16, 16, 14, 16, 14, 18, 10, 12, 18, 17, 16, 10, 12, 19, 15, 13, 19, 13, 13, 18, 16, 14, 13, 13, 19, 19, 18, 10, 11, 11, 15, 10, 13, 15, 19, 11, 11, 11, 15, 12, 12, 10, 16, 12, 11, 12, 11, 15, 10, 19, 13, 11, 11, 10, 13, 11, 14, 17, 19, 19, 12, 10, 19, 18, 11, 11, 16, 12, 13, 15, 19, 10, 11, 19, 11, 19, 18, 14], 10, 80, 57
[16, 15, 10, 19, 17, 19, 12, 19, 19, 17, 16, 16, 16, 10, 18, 12, 16, 12, 19, 19, 19, 13, 15, 13, 17, 14, 16, 16, 15, 11, 12, 17, 11, 19, 15, 11, 18, 11, 11, 17, 19, 18, 19, 16, 12, 19, 12, 19, 17, 19, 15, 17, 13, 10, 16, 14, 18, 13, 11, 14, 15, 13, 10, 17, 12, 18, 10, 13, 12, 18, 16, 14, 18, 17, 18, 14, 11, 11, 14, 15, 16], 10, 80, 58
[18, 13, 18, 11, 13, 13, 10, 18, 14, 14, 19, 15, 13, 18, 11, 12, 10, 15, 19, 17, 11, 16, 17, 17, 17, 12, 14, 15, 18, 11, 18, 17, 14, 18, 15, 13, 14, 11, 10, 10, 17, 14, 11, 16, 18, 17, 16, 17, 17, 18, 17, 10, 10, 16, 13, 14, 18, 13, 17, 16, 18, 15, 17, 14, 10, 13, 13, 19, 12, 17, 16, 15, 16, 10, 14, 11, 18, 10, 14, 10, 18], 10, 80, 59
[11, 16, 19, 19, 10, 14, 15, 10, 18, 16, 19, 10, 15, 18, 17, 16, 11, 10, 18, 13, 17, 19, 19, 16, 11, 16, 14, 17, 15, 19, 11, 19, 12, 15, 18, 19, 19, 16, 12, 13, 15, 11, 17, 19, 16, 14, 14, 18, 10, 15, 14, 15, 17, 18, 11, 16, 10, 14, 14, 11, 14, 15, 10, 11, 18, 13, 14, 11, 14, 10, 19, 16, 14, 18, 15, 11, 19, 19, 19, 18, 14], 10, 80, 60
[13, 19, 13, 13, 18, 17, 13, 16, 12, 14, 12, 17, 18, 11, 10, 16, 18, 18, 10, 13, 17, 11, 16, 18, 16, 13, 15, 13, 13, 18, 14, 10, 18, 14, 16, 19, 10, 19, 14, 12, 18, 13, 13, 13, 10, 16, 19, 17, 12, 15, 15, 18, 10, 16, 12, 15, 15, 19, 19, 16, 14, 11, 19, 14, 17, 10, 18, 10, 12, 17, 18, 14, 12, 15, 15, 14, 13, 17, 16, 19, 16], 10, 80, 61
[15, 15, 17, 15, 19, 10, 12, 16, 18, 13, 11, 19, 11, 16, 19, 17, 16, 13, 17, 13, 18, 14, 14, 12, 18, 16, 14, 15, 11, 15, 14, 13, 12, 13, 11, 15, 19, 13, 14, 18, 10, 13, 11, 11, 12, 12, 18, 19, 18, 10, 14, 12, 19, 11, 14, 13, 18, 18, 18, 13, 17, 18, 10, 11, 17, 19, 11, 17, 18, 14, 16, 10, 19, 11, 18, 18, 17, 11, 10, 14, 15], 10, 80, 62
[14, 14, 11, 12, 17, 10, 15, 12, 18, 18, 13, 12, 12, 11, 14, 13, 13, 10, 16, 15, 18, 12, 19, 19, 12, 13, 18, 13, 19, 10, 10, 10, 14, 15, 10, 18, 16, 11, 17, 12, 15, 10, 13, 13, 15, 14, 17, 19, 13, 19, 11, 19, 16, 10, 14, 10, 10, 10, 12, 18, 11, 14, 11, 11, 17, 12, 11, 14, 11, 12, 13, 16, 16, 15, 16, 11, 11, 19, 16, 19, 13], 10, 80, 63
[15, 13, 14, 19, 16, 14, 17, 10, 17, 10, 12, 15, 18, 19, 19, 10, 18, 19, 17, 16, 18, 13, 17, 12, 12, 10, 12, 13, 19, 11, 14, 17, 15, 16, 13, 14, 11, 17, 15, 17, 14, 18, 14, 16, 19, 18, 10, 16, 16, 15, 14, 12, 10, 19, 15, 19, 12, 11, 11, 13, 16, 15, 13, 16, 19, 19, 19, 18, 12, 10, 18, 17, 12, 14, 17, 16, 13, 14, 19, 14, 11], 10, 80, 64
[15, 16, 15, 16, 12, 19, 17, 11, 10, 10, 15, 16, 12, 12, 17, 16, 15, 17, 16, 12, 14, 17, 16, 15, 15, 17, 11, 11, 19, 19, 13, 16, 12, 12, 15, 16, 11, 15, 16, 16, 11, 10, 14, 10, 12, 10, 18, 15, 19, 18, 12, 18, 16, 12, 17, 18, 18, 17, 16, 11, 18, 11, 13, 15, 17, 19, 18, 11, 14, 16, 18, 15, 10, 17, 18, 17, 17, 12, 19, 12, 10], 10, 80, 65
[16, 10, 11, 11, 18, 12, 12, 18, 13, 11, 17, 18, 17, 18, 15, 18, 10, 12, 13, 10, 16, 16, 11, 15, 10, 13, 16, 14, 14, 14, 13, 19, 17, 17, 12, 12, 17, 10, 16, 17, 12, 19, 14, 15, 18, 12, 15, 17, 10, 17, 19, 14, 19, 12, 14, 17, 14, 16, 14, 14, 13, 14, 11, 17, 13, 17, 11, 10, 19, 17, 16, 17, 18, 14, 19, 14, 17, 13, 13, 17, 16], 10, 80, 66
[14, 10, 17, 17, 16, 12, 15, 10, 16, 13, 17, 15, 16, 15, 13, 17, 19, 12, 10, 18, 19, 11, 11, 12, 11, 15, 15, 10, 15, 16, 15, 11, 11, 15, 12, 12, 19, 10, 16, 12, 10, 10, 15, 13, 13, 15, 13, 11, 19, 12, 11, 14, 18, 13, 14, 15, 10, 19, 16, 16, 12, 17, 18, 11, 14, 17, 11, 13, 18, 18, 16, 11, 10, 11, 19, 14, 19, 14, 16, 18, 16], 10, 80, 67
[16, 11, 19, 14, 14, 15, 11, 17, 17, 17, 16, 18, 12, 11, 11, 18, 17, 10, 17, 14, 15, 13, 16, 16, 13, 19, 13, 17, 11, 15, 14, 18, 10, 15, 17, 19, 17, 13, 19, 15, 10, 10, 17, 17, 13, 12, 14, 19, 10, 19, 15, 11, 12, 11, 10, 10, 14, 17, 13, 14, 19, 17, 12, 17, 17, 14, 17, 11, 14, 15, 13, 11, 13, 10, 11, 17, 19, 10, 19, 12, 12], 10, 80, 68
[19, 15, 16, 10, 10, 15, 13, 13, 11, 17, 15, 12, 13, 11, 13, 18, 16, 19, 16, 19, 17, 15, 12, 15, 11, 14, 16, 16, 13, 16, 10, 14, 13, 19, 12, 17, 17, 17, 14, 17, 19, 16, 11, 17, 10, 17, 17, 12, 13, 10, 10, 16, 17, 19, 16, 10, 11, 19, 10, 14, 13, 16, 14, 14, 15, 17, 14, 13, 16, 17, 17, 15, 16, 16, 18, 15, 10, 14, 15, 12, 16], 10, 80, 69
[10, 19, 16, 18, 19, 17, 10, 19, 15, 18, 15, 15, 18, 12, 18, 18, 11, 11, 13, 12, 10, 13, 13, 17, 18, 16, 14, 11, 11, 14, 15, 16, 10, 10, 10, 19, 16, 12, 18, 17, 18, 19, 16, 11, 17, 16, 13, 15, 11, 12, 17, 14, 19, 16, 11, 13, 19, 11, 16, 16, 16, 11, 13, 15, 14, 15, 10, 13, 19, 10, 10, 16, 18, 10, 19, 15, 15, 18, 10, 10, 15], 10, 80, 70
[13, 17, 14, 10, 11, 17, 17, 13, 16, 12, 13, 12, 13, 17, 17, 16, 14, 16, 11, 10, 10, 12, 11, 10, 13, 12, 13, 11, 14, 12, 17, 19, 15, 15, 13, 16, 13, 10, 11, 19, 14, 17, 12, 18, 13, 18, 14, 10, 18, 18, 17, 13, 17, 11, 13, 12, 11, 10, 14, 12, 15, 13, 13, 11, 13, 12, 10, 11, 10, 17, 10, 15, 12, 10, 10, 14, 10, 10, 16, 15, 15], 10, 80, 71
[16, 16, 13, 19, 19, 16, 12, 14, 18, 18, 12, 12, 19, 12, 16, 11, 12, 13, 13, 16, 14, 10, 17, 14, 10, 15, 11, 10, 14, 10, 15, 11, 16, 13, 18, 13, 18, 18, 12, 16, 13, 19, 17, 16, 13, 18, 15, 19, 10, 11, 10, 14, 13, 18, 13, 16, 15, 14, 12, 18, 14, 10, 17, 14, 12, 11, 15, 16, 11, 14, 15, 18, 13, 17, 10, 12, 10, 18, 10, 14, 13], 10, 80, 72
[14, 11, 15, 11, 10, 19, 13, 16, 16, 17, 14, 16, 13, 16, 17, 14, 12, 15, 14, 12, 18, 18, 18, 18, 14, 19, 11, 18, 17, 10, 13, 11, 19, 14, 18, 12, 19, 19, 15, 16, 11, 11, 13, 15, 13, 18, 12, 18, 17, 13, 10, 16, 14, 19, 16, 12, 19, 16, 14, 17, 15, 19, 11, 14, 12, 15, 16, 14, 19, 10, 19, 10, 19, 17, 18, 12, 17, 10, 12, 15, 18], 10, 80, 73
[10, 10, 13, 13, 14, 15, 16, 10, 17, 14, 16, 16, 19, 11, 18, 19, 17, 15, 18, 10, 18, 16, 16, 18, 15, 16, 14, 19, 17, 14, 15, 16, 14, 12, 19, 14, 19, 15, 12, 13, 10, 11, 17, 17, 15, 18, 16, 18, 18, 12, 13, 15, 12, 17, 15, 11, 19, 12, 12, 11, 13, 15, 10, 17, 16, 10, 10, 13, 18, 16, 10, 10, 19, 12, 12, 16, 12, 16, 17, 17, 11], 10, 80, 74
[19, 18, 10, 12, 12, 10, 11, 11, 11, 13, 12, 18, 18, 13, 12, 10, 14, 15, 11, 14, 15, 12, 10, 17, 11, 13, 15, 14, 10, 16, 17, 11, 17, 18, 11, 17, 15, 17, 14, 19, 14, 14, 12, 17, 10, 15, 17, 18, 15, 16, 12, 15, 15, 13, 18, 15, 10, 16, 16, 19, 14, 13, 14, 14, 11, 15, 15, 12, 18, 18, 12, 13, 19, 19, 18, 13, 16, 10, 12, 19, 19], 10, 80, 75
[17, 11, 17, 12, 14, 10, 18, 12, 12, 16, 16, 13, 11, 10, 18, 13, 11, 10, 16, 14, 19, 16, 11, 17, 12, 12, 16, 11, 17, 12, 16, 16, 12, 11, 15, 18, 10, 15, 12, 12, 15, 12, 11, 10, 16, 13, 19, 13, 19, 10, 16, 18, 16, 15, 11, 14, 10, 14, 15, 17, 11, 17, 16, 12, 11, 14, 14, 12, 10, 10, 14, 15, 15, 12, 12, 19, 18, 14, 15, 19, 18], 10, 80, 76
[18, 11, 13, 11, 11, 10, 16, 11, 17, 13, 15, 19, 19, 16, 12, 17, 14, 13, 14, 19, 10, 12, 12, 11, 14, 10, 19, 10, 14, 15, 12, 10, 17, 11, 11, 11, 16, 15, 19, 13, 17, 15, 19, 10, 19, 12, 17, 15, 19, 15, 17, 12, 12, 13, 19, 14, 11, 16, 17, 19, 18, 10, 12, 17, 10, 15, 15, 13, 15, 13, 12, 10, 11, 18, 17, 16, 15, 10, 10, 11, 12], 10, 80, 77
[15, 13, 14, 12, 12, 15, 14, 15, 15, 17, 10, 18, 16, 15, 12, 10, 17, 16, 11, 19, 11, 15, 11, 12, 11, 18, 18, 13, 18, 12, 18, 15, 11, 12, 15, 11, 12, 18, 11, 14, 14, 18, 13, 12, 13, 16, 12, 18, 14, 18, 10, 16, 12, 15, 12, 18, 14, 13, 11, 19, 14, 15, 11, 18, 16, 16, 13, 16, 13, 15, 15, 14, 19, 16, 12, 17, 13, 10, 16, 16, 10], 10, 80, 78
[17, 15, 17, 13, 11, 17, 18, 14, 16, 17, 12, 16, 14, 16, 12, 15, 10, 15, 17, 18, 18, 16, 19, 17, 10, 10, 15, 16, 15, 17, 13, 12, 16, 15, 15, 16, 17, 17, 12, 13, 14, 11, 12, 18, 19, 12, 10, 19, 12, 14, 11, 12, 10, 16, 14, 19, 10, 19, 19, 10, 14, 19, 15, 12, 13, 10, 10, 18, 19, 18, 19, 13, 19, 10, 16, 14, 10, 18, 13, 14, 19], 10, 80, 79
[16, 17, 18, 14, 19, 17, 18, 10, 15, 15, 16, 12, 17, 11, 10, 17, 13, 13, 18, 19, 18, 16, 19, 12, 10, 19, 16, 19, 10, 18, 18, 18, 10, 17, 10, 14, 10, 10, 11, 14, 12, 16, 19, 11, 15, 11, 19, 19, 19, 12, 11, 11, 17, 18, 10, 18, 14, 18, 10, 16, 19, 16, 11, 18, 16, 15, 14, 12, 15, 11, 17, 16, 17, 10, 19, 10, 11, 13, 11, 17, 12], 10, 80, 80
[16, 19, 11, 18, 15, 18, 13, 15, 15, 18, 19, 11, 15, 11, 12, 14, 16, 14, 19, 16, 12, 18, 13, 17, 11, 15, 13, 12, 14, 13, 12, 13, 10, 19, 10, 15, 13, 12, 17, 17, 11, 13, 17, 10, 18, 13, 19, 14, 16, 16, 17, 17, 12, 12, 10, 11, 18, 19, 18, 14, 19, 10, 16, 16, 10, 18, 13, 16, 16, 13, 10, 16, 16, 17, 18, 16, 13, 12, 18, 10, 19], 10, 80, 81
[12, 19, 18, 12, 16, 15, 19, 15, 11, 16, 18, 19, 13, 13, 16, 18, 15, 11, 17, 17, 11, 10, 18, 13, 17, 10, 13, 19, 17, 13, 17, 12, 11, 17, 16, 17, 15, 19, 16, 15, 12, 19, 19, 13, 10, 18, 11, 15, 17, 15, 18, 11, 12, 17, 13, 12, 11, 16, 15, 14, 10, 14, 17, 10, 18, 16, 15, 16, 14, 11, 12, 14, 18, 18, 19, 10, 17, 15, 19, 14, 13], 10, 80, 82
[11, 10, 10, 15, 12, 15, 14, 16, 17, 12, 18, 12, 11, 17, 16, 15, 13, 12, 12, 12, 19, 14, 17, 14, 15, 19, 13, 17, 10, 17, 10, 13, 11, 11, 10, 19, 13, 14, 11, 13, 14, 19, 16, 19, 15, 12, 16, 13, 10, 14, 15, 15, 12, 13, 12, 14, 14, 15, 12, 15, 11, 19, 14, 15, 16, 17, 12, 11, 12, 10, 13, 13, 12, 17, 19, 18, 16, 16, 19, 15, 10], 10, 80, 83
[17, 19, 13, 15, 17, 18, 19, 15, 12, 16, 14, 11, 15, 12, 12, 12, 19, 11, 12, 15, 17, 17, 16, 15, 13, 17, 11, 17, 19, 18, 17, 15, 14, 14, 12, 11, 16, 16, 14, 13, 18, 17, 17, 19, 17, 17, 15, 12, 13, 18, 16, 12, 13, 15, 18, 13, 14, 16, 17, 16, 10, 17, 18, 13, 13, 19, 19, 13, 14, 17, 12, 18, 14, 18, 12, 15, 14, 11, 17, 19, 15], 10, 80, 84
[11, 17, 11, 14, 14, 19, 11, 11, 16, 18, 10, 16, 19, 17, 19, 14, 18, 14, 18, 19, 13, 17, 14, 12, 13, 16, 18, 12, 13, 13, 18, 19, 15, 19, 12, 10, 11, 11, 18, 14, 17, 16, 15, 11, 16, 15, 12, 13, 10, 14, 13, 19, 13, 13, 15, 19, 15, 16, 12, 14, 18, 12, 13, 10, 15, 13, 11, 16, 16, 13, 16, 12, 12, 14, 10, 13, 12, 10, 14, 15, 15], 10, 80, 85
[13, 15, 12, 10, 14, 18, 12, 14, 16, 17, 17, 13, 15, 18, 14, 19, 14, 10, 16, 14, 14, 18, 12, 19, 19, 11, 14, 12, 10, 16, 14, 11, 14, 14, 15, 19, 13, 15, 19, 16, 13, 16, 14, 18, 16, 13, 18, 18, 19, 14, 13, 15, 11, 13, 13, 19, 10, 10, 10, 13, 19, 12, 11, 17, 10, 15, 11, 11, 17, 17, 10, 18, 16, 12, 11, 15, 15, 16, 10, 11, 18], 10, 80, 86
[16, 14, 15, 15, 14, 11, 17, 12, 18, 13, 15, 14, 11, 19, 10, 17, 17, 11, 16, 18, 18, 10, 14, 18, 16, 14, 15, 10, 13, 12, 14, 19, 17, 13, 10, 19, 10, 10, 14, 15, 14, 12, 10, 19, 11, 10, 11, 19, 12, 17, 12, 17, 14, 10, 14, 13, 19, 17, 15, 15, 15, 19, 18, 10, 19, 10, 14, 15, 12, 12, 12, 10, 16, 15, 12, 10, 17, 13, 11, 13, 16], 10, 80, 87
[18, 12, 16, 13, 12, 11, 13, 12, 16, 15, 14, 16, 19, 11, 18, 18, 18, 14, 14, 10, 11, 15, 13, 11, 10, 14, 18, 12, 10, 12, 13, 11, 12, 16, 14, 15, 12, 18, 13, 18, 18, 16, 18, 19, 19, 14, 10, 19, 14, 12, 14, 10, 15, 16, 16, 13, 14, 16, 12, 13, 16, 10, 10, 14, 19, 15, 14, 14, 19, 18, 13, 10, 19, 14, 10, 10, 19, 15, 14, 15, 14], 10, 80, 88
[14, 14, 10, 17, 18, 18, 15, 16, 12, 12, 14, 12, 11, 15, 14, 17, 13, 15, 17, 13, 15, 10, 14, 19, 18, 11, 17, 16, 18, 15, 16, 17, 19, 11, 11, 19, 10, 19, 13, 10, 14, 10, 16, 17, 19, 14, 14, 11, 10, 17, 12, 12, 11, 14, 17, 18, 17, 18, 11, 12, 18, 17, 15, 15, 16, 15, 14, 19, 12, 17, 15, 11, 16, 11, 19, 19, 13, 12, 19, 12, 14], 10, 80, 89
[15, 10, 17, 11, 19, 10, 17, 15, 16, 15, 12, 13, 15, 17, 14, 15, 16, 19, 18, 17, 10, 10, 18, 19, 13, 11, 15, 11, 11, 13, 14, 11, 13, 18, 18, 17, 11, 11, 18, 11, 12, 17, 16, 10, 15, 14, 11, 18, 18, 19, 11, 15, 18, 15, 19, 13, 10, 12, 14, 15, 10, 19, 14, 14, 19, 16, 13, 14, 10, 11, 16, 11, 17, 19, 13, 19, 16, 19, 19, 19, 10], 10, 80, 90
[17, 10, 18, 12, 16, 19, 13, 12, 16, 10, 14, 12, 19, 13, 13, 12, 15, 18, 16, 15, 12, 14, 19, 17, 18, 14, 12, 13, 10, 11, 19, 17, 16, 18, 18, 17, 11, 11, 18, 10, 12, 17, 16, 11, 11, 15, 19, 14, 15, 13, 16, 15, 17, 13, 18, 14, 12, 16, 13, 10, 14, 11, 15, 16, 16, 18, 18, 13, 17, 13, 16, 11, 13, 15, 10, 18, 17, 19, 17, 15, 13], 10, 80, 91
[16, 15, 12, 15, 13, 18, 10, 19, 13, 15, 17, 11, 10, 16, 15, 17, 19, 19, 18, 12, 16, 14, 16, 16, 11, 13, 17, 14, 14, 15, 17, 19, 12, 19, 19, 19, 13, 14, 12, 18, 17, 10, 15, 10, 16, 18, 18, 19, 18, 13, 10, 13, 15, 18, 12, 11, 13, 12, 14, 12, 19, 18, 18, 17, 17, 11, 13, 15, 17, 18, 17, 16, 11, 17, 13, 16, 17, 18, 18, 17, 19], 10, 80, 92
[19, 15, 11, 19, 16, 13, 18, 14, 18, 11, 16, 15, 19, 13, 11, 14, 16, 10, 12, 14, 16, 15, 14, 11, 16, 11, 12, 15, 18, 13, 16, 11, 15, 11, 13, 11, 12, 10, 10, 18, 17, 16, 18, 13, 14, 18, 15, 19, 10, 19, 12, 17, 18, 13, 11, 19, 14, 17, 14, 10, 16, 18, 12, 19, 13, 10, 19, 15, 13, 11, 15, 16, 10, 17, 12, 16, 19, 19, 14, 15, 11], 10, 80, 93
[19, 13, 12, 15, 13, 15, 10, 17, 18, 17, 16, 12, 15, 14, 18, 17, 15, 19, 11, 19, 14, 18, 16, 17, 13, 19, 19, 14, 16, 10, 11, 16, 10, 16, 13, 11, 14, 18, 17, 12, 18, 12, 19, 17, 16, 13, 13, 10, 12, 10, 15, 16, 16, 13, 15, 17, 18, 15, 19, 10, 18, 19, 17, 15, 17, 15, 14, 18, 16, 10, 18, 10, 16, 18, 14, 15, 11, 14, 10, 14, 13], 10, 80, 94
[11, 12, 19, 12, 13, 11, 17, 18, 16, 16, 19, 13, 15, 19, 18, 12, 18, 18, 15, 15, 17, 12, 10, 14, 18, 13, 17, 17, 16, 18, 18, 18, 11, 17, 11, 16, 14, 18, 17, 13, 15, 14, 12, 16, 15, 15, 12, 15, 11, 13, 17, 15, 17, 15, 19, 18, 16, 19, 16, 15, 10, 17, 14, 14, 14, 17, 19, 19, 18, 14, 15, 16, 13, 16, 19, 17, 11, 14, 15, 17, 19], 10, 80, 95
[12, 13, 12, 18, 18, 19, 19, 19, 19, 15, 12, 10, 12, 15, 14, 16, 16, 11, 16, 14, 16, 11, 18, 11, 19, 10, 15, 14, 16, 11, 17, 19, 15, 13, 17, 14, 12, 14, 14, 18, 17, 17, 11, 15, 15, 12, 10, 16, 17, 18, 11, 12, 18, 18, 12, 16, 15, 13, 16, 18, 18, 16, 14, 18, 18, 14, 15, 14, 14, 10, 14, 12, 12, 11, 12, 17, 17, 15, 19, 17, 16], 10, 80, 96
[11, 16, 16, 18, 18, 11, 16, 13, 13, 14, 18, 17, 10, 10, 19, 11, 13, 17, 18, 18, 15, 19, 14, 12, 18, 19, 15, 19, 12, 18, 19, 15, 18, 10, 11, 15, 18, 17, 13, 15, 14, 12, 18, 16, 16, 13, 16, 11, 13, 10, 16, 19, 16, 11, 19, 19, 12, 14, 14, 16, 11, 10, 17, 17, 17, 13, 10, 13, 17, 10, 19, 19, 18, 14, 15, 19, 18, 14, 12, 16, 16], 10, 80, 97
[10, 13, 11, 12, 17, 18, 10, 17, 18, 11, 16, 16, 13, 12, 19, 10, 16, 10, 16, 12, 15, 15, 19, 19, 13, 15, 12, 19, 18, 18, 14, 13, 12, 10, 10, 17, 11, 12, 16, 13, 10, 13, 10, 16, 11, 15, 19, 13, 17, 17, 18, 13, 19, 14, 15, 13, 16, 11, 11, 13, 19, 19, 18, 16, 13, 10, 19, 16, 10, 11, 17, 18, 17, 16, 16, 19, 17, 10, 13, 18, 14], 10, 80, 98
[14, 13, 18, 18, 14, 13, 15, 17, 14, 18, 11, 14, 10, 18, 14, 13, 18, 13, 17, 19, 19, 14, 12, 10, 19, 13, 14, 19, 19, 11, 19, 10, 14, 17, 13, 18, 17, 10, 13, 15, 16, 16, 17, 17, 12, 15, 10, 13, 16, 19, 18, 15, 12, 17, 10, 13, 16, 15, 13, 15, 19, 13, 18, 10, 10, 13, 17, 10, 12, 11, 15, 11, 13, 19, 14, 10, 19, 14, 16, 13, 17], 10, 80, 99
